892
7739
6545
4388
4330
8585
859
6973
2014
941
5264
9756
7357
7611
7174
7860
5132
1281
8397
4503
5003
3707
1825
9267
7815
6438
4024
8227
5454
4434
4504
2272
921
5545
8878
638
8582
8276
2767
6316
1652
7580
7005
3545
679
9706
4456
8931
6779
7783
10893
17739
16546
14389
14330
18586
10860
16973
12015
10942
15265
19756
17357
17611
17175
17860
15132
11282
18397
14504
15004
13708
11826
19267
17815
16439
14024
18227
15454
14434
14505
12273
10922
15546
18879
10639
18583
18276
12768
16317
11653
17581
17005
13545
10680
19707
14457
18931
16779
17784
