Date,Buoy,Latitude,Longitude,rhow_B1,rhow_B2,rhow_B3,rhow_B4,rhow_B5,rhow_B6,rhow_B7,rhow_B8A,Chl,dif_norm_rhow_B2_B3,dif_inv_rhow_B2_B3,dif_norm_rhow_B2_B4,dif_inv_rhow_B2_B4,dif_norm_rhow_B2_B5,dif_inv_rhow_B2_B5,dif_norm_rhow_B3_B4,dif_inv_rhow_B3_B4,dif_norm_rhow_B3_B5,dif_inv_rhow_B3_B5,dif_norm_rhow_B4_B5,dif_inv_rhow_B4_B5,dall_gitelson_rhow_B2_B3_B4,dall_gitelson_rhow_B2_B3_B5,dall_gitelson_rhow_B2_B4_B3,dall_gitelson_rhow_B2_B4_B5,dall_gitelson_rhow_B2_B5_B3,dall_gitelson_rhow_B2_B5_B4,dall_gitelson_rhow_B3_B4_B2,dall_gitelson_rhow_B3_B4_B5,dall_gitelson_rhow_B3_B5_B2,dall_gitelson_rhow_B3_B5_B4,dall_gitelson_rhow_B4_B5_B2,dall_gitelson_rhow_B4_B5_B3,dif_norm_4_bands_rhow_B2_B3_B4_B5,dif_norm_4_bands_rhow_B2_B4_B3_B5,dif_norm_4_bands_rhow_B2_B5_B3_B4,dif_norm_4_bands_rhow_B3_B4_B2_B5,dif_norm_4_bands_rhow_B3_B5_B2_B4,dif_norm_4_bands_rhow_B4_B5_B2_B3,dif_rel_4bands_rhow_B2_B3_B4_B5,dif_rel_4bands_rhow_B2_B3_B5_B4,dif_rel_4bands_rhow_B2_B4_B3_B5,dif_rel_4bands_rhow_B2_B4_B5_B3,dif_rel_4bands_rhow_B2_B5_B3_B4,dif_rel_4bands_rhow_B2_B5_B4_B3,dif_rel_4bands_rhow_B3_B2_B4_B5,dif_rel_4bands_rhow_B3_B2_B5_B4,dif_rel_4bands_rhow_B3_B4_B5_B2,dif_rel_4bands_rhow_B3_B5_B4_B2,dif_rel_4bands_rhow_B4_B2_B5_B3,dif_rel_4bands_rhow_B4_B3_B5_B2,sum_norm_3bands_rhow_B2_B4_B3,sum_norm_3bands_rhow_B3_B5_B4
2016-08-09,CTD1,4187246,695025,0.010972801,0.017247956,0.033435922,0.016780281,0.012436718,0.003689716,0.0036431374,0.0014297082,6.89,-0.319,28.07,0.014,-1.616,0.162,-22.429,0.332,-29.686,0.458,-50.499,0.149,-20.813,0.471,0.349,-0.054,-0.02,-0.75,-0.376,-0.512,-0.369,-0.871,-0.847,-0.359,-0.696,-0.554,0.01,0.096,0.561,0.617,0.086,-0.833,-0.225,-1.661,0.656,-0.606,0.885,0.589,1.197,1.272,1.716,0.601,-0.219,0.671,0.914
2016-08-09,CTD2,4181518,693105,0.0071803858,0.01053012,0.01937531,0.01102135,0.00828079,0.0025447959,0.002516696,0.0010055117,5.08,-0.296,43.354,-0.023,4.233,0.12,-25.796,0.275,-39.121,0.401,-69.149,0.142,-30.028,0.478,0.359,0.082,0.035,-0.5,-0.284,-0.412,-0.324,-0.728,-0.762,-0.316,-0.582,-0.458,-0.018,0.074,0.444,0.515,0.092,-0.787,-0.208,-1.384,0.528,-0.486,0.703,0.509,1.089,0.972,1.293,0.619,-0.218,0.721,0.91
2016-08-09,CTD3,4181698,695238,0.007966208,0.011565162,0.020110957,0.010630411,0.0077515263,0.0023109643,0.0022742038,0.00090434565,4.04,-0.27,36.742,0.042,-7.603,0.197,-42.54,0.308,-44.346,0.444,-79.283,0.157,-34.937,0.391,0.285,-0.153,-0.059,-0.856,-0.452,-0.513,-0.344,-0.917,-0.843,-0.404,-0.703,-0.465,0.034,0.124,0.491,0.557,0.091,-0.796,-0.154,-1.507,0.702,-0.4,0.963,0.368,1.01,1.222,1.675,0.534,-0.142,0.701,0.906
2016-08-09,CTD4,4180266,698264,0.008062084,0.010309625,0.014764223,0.008630959,0.006252049,0.0018940298,0.0018491419,0.000740986,3.96,-0.178,29.265,0.089,-18.865,0.245,-62.951,0.262,-48.131,0.405,-92.216,0.16,-44.086,0.253,0.183,-0.279,-0.118,-0.929,-0.543,-0.496,-0.301,-0.951,-0.796,-0.455,-0.651,-0.299,0.08,0.173,0.37,0.449,0.095,-0.682,-0.026,-1.167,0.771,-0.062,1.064,0.052,0.708,1.104,1.524,0.414,-0.022,0.755,0.898
2016-08-09,CTD5,4179450,700268,0.013036979,0.021194883,0.022347229,0.0032102459,0.0019025512,0.0005086485,0.00049227226,0.00019745337,0.135,-0.026,2.433,0.737,-264.321,0.835,-478.429,0.749,-266.754,0.843,-480.862,0.256,-214.107,0.008,0.005,-5.907,-0.503,-10.692,-1.536,-5.654,-0.508,-10.192,-1.544,-4.538,-4.785,-0.225,0.742,0.755,0.829,0.838,0.03,-0.739,0.356,-5.144,6.517,4.179,10.997,-0.633,0.462,6.871,11.594,0.066,0.054,0.56,0.949
2016-08-09,CTD6,4176009,695829,0.008602544,0.01312852,0.023303784,0.010863613,0.0077067325,0.002229318,0.0021900574,0.0008681567,4.23,-0.279,33.259,0.094,-15.88,0.26,-53.587,0.364,-49.139,0.503,-86.845,0.17,-37.706,0.361,0.256,-0.37,-0.122,-1.249,-0.582,-0.645,-0.379,-1.14,-0.943,-0.495,-0.879,-0.548,0.073,0.159,0.597,0.65,0.087,-0.846,-0.146,-1.815,0.878,-0.442,1.237,0.365,1.066,1.558,2.196,0.497,-0.121,0.659,0.908
2016-08-09,CTD7,4176724,690397,0.009098829,0.013826707,0.02583522,0.013888611,0.010367216,0.0031316024,0.0030987,0.001227168,5.94,-0.303,33.617,-0.002,0.322,0.143,-24.134,0.301,-33.295,0.427,-57.751,0.145,-24.456,0.467,0.349,0.008,0.003,-0.624,-0.335,-0.46,-0.345,-0.799,-0.802,-0.338,-0.632,-0.495,-0.002,0.087,0.494,0.558,0.089,-0.804,-0.211,-1.496,0.594,-0.526,0.796,0.529,1.122,1.11,1.488,0.603,-0.212,0.699,0.911
2016-08-09,CTD8,4174178,693048,0.011637802,0.018578455,0.034337766,0.014250711,0.010012525,0.0028302637,0.0027765334,0.001088002,6.3,-0.298,24.703,0.132,-16.346,0.3,-46.049,0.413,-41.049,0.548,-70.752,0.175,-29.703,0.352,0.247,-0.561,-0.164,-1.581,-0.656,-0.763,-0.411,-1.314,-1.008,-0.552,-1.02,-0.65,0.098,0.176,0.703,0.741,0.08,-0.882,-0.162,-2.126,1.012,-0.554,1.441,0.425,1.146,1.871,2.662,0.475,-0.124,0.62,0.913
2016-08-09,CTD9,4171106,693183,0.01248887,0.019313833,0.036751106,0.019724585,0.014879508,0.004476624,0.0044259382,0.0017315024,,-0.311,24.566,-0.011,1.078,0.13,-15.43,0.301,-23.488,0.424,-39.996,0.14,-16.508,0.485,0.366,0.04,0.016,-0.567,-0.304,-0.454,-0.349,-0.772,-0.789,-0.319,-0.607,-0.504,-0.008,0.079,0.498,0.56,0.086,-0.8,-0.229,-1.491,0.574,-0.565,0.761,0.577,1.148,1.093,1.449,0.616,-0.234,0.696,0.914
2016-08-09,CTD10,4170388,695646,0.008200456,0.013219413,0.026664661,0.013814554,0.010340616,0.0031271046,0.0031077517,0.0012340308,4.72,-0.337,38.144,-0.022,3.259,0.122,-21.06,0.317,-34.885,0.441,-59.203,0.144,-24.319,0.527,0.394,0.087,0.034,-0.562,-0.291,-0.461,-0.361,-0.783,-0.818,-0.321,-0.648,-0.557,-0.016,0.071,0.545,0.604,0.087,-0.84,-0.253,-1.622,0.569,-0.652,0.76,0.681,1.269,1.148,1.534,0.657,-0.264,0.678,0.914
2016-08-09,CTD11,4169609,700351,0.0127466405,0.01818193,0.029332206,0.014960781,0.010687087,0.0030868582,0.003021513,0.001184418,3.95,-0.235,20.907,0.097,-11.842,0.26,-38.571,0.324,-32.749,0.466,-59.479,0.167,-26.729,0.313,0.223,-0.347,-0.127,-1.131,-0.577,-0.595,-0.35,-1.081,-0.89,-0.486,-0.784,-0.435,0.08,0.169,0.498,0.563,0.09,-0.78,-0.094,-1.529,0.851,-0.259,1.191,0.213,0.899,1.373,1.922,0.458,-0.078,0.698,0.904
2016-08-09,CTD12,4173438,695414,0.009594027,0.015367705,0.029283462,0.013396436,0.009623213,0.0027880655,0.002748763,0.0010842842,4.48,-0.312,30.923,0.069,-9.575,0.23,-38.844,0.372,-40.498,0.505,-69.766,0.164,-29.269,0.414,0.298,-0.28,-0.092,-1.137,-0.52,-0.622,-0.39,-1.072,-0.935,-0.45,-0.857,-0.605,0.051,0.135,0.636,0.683,0.085,-0.867,-0.194,-1.896,0.819,-0.589,1.139,0.513,1.187,1.56,2.171,0.543,-0.169,0.644,0.912
2016-09-08,CTD1,4187246,695025,0.0074141016,0.011389623,0.02297908,0.014666862,0.011467192,0.003629842,0.0036226104,0.0014447187,4.95,-0.337,44.281,-0.126,19.618,-0.003,0.594,0.221,-24.663,0.334,-43.687,0.122,-19.024,0.649,0.508,0.451,0.225,0.014,0.009,-0.281,-0.283,-0.498,-0.641,-0.217,-0.437,-0.443,-0.095,-0.002,0.364,0.442,0.093,-0.783,-0.286,-1.227,0.278,-0.573,0.355,0.739,1.236,0.56,0.716,0.789,-0.369,0.758,0.915
2016-09-08,CTD2,4181518,693105,0.0073939953,0.011605996,0.022479063,0.0116417715,0.008549078,0.0025504862,0.002524316,0.0010047373,4.29,-0.319,41.677,-0.002,0.265,0.152,-30.809,0.318,-41.412,0.449,-72.486,0.153,-31.074,0.485,0.356,0.006,0.002,-0.693,-0.359,-0.481,-0.354,-0.841,-0.844,-0.361,-0.699,-0.539,-0.001,0.09,0.538,0.599,0.091,-0.845,-0.218,-1.632,0.617,-0.573,0.84,0.575,1.203,1.194,1.626,0.623,-0.219,0.682,0.909
2016-09-08,CTD3,4181698,695238,0.007158684,0.011124007,0.020901041,0.010483822,0.007581408,0.0022369446,0.0022087097,0.0008798485,3.92,-0.305,42.051,0.03,-5.489,0.189,-42.006,0.332,-47.541,0.468,-84.057,0.161,-36.517,0.441,0.319,-0.115,-0.042,-0.878,-0.44,-0.529,-0.36,-0.935,-0.881,-0.406,-0.763,-0.541,0.022,0.113,0.557,0.616,0.091,-0.851,-0.191,-1.696,0.698,-0.526,0.966,0.496,1.156,1.312,1.814,0.58,-0.18,0.675,0.908
2016-09-08,CTD4,4180266,698264,0.007230526,0.011114151,0.021499254,0.0118339015,0.008836063,0.0026833664,0.0026598498,0.0010601716,4.15,-0.318,43.462,-0.031,5.472,0.114,-23.197,0.29,-37.99,0.417,-66.659,0.145,-28.67,0.514,0.384,0.118,0.048,-0.499,-0.275,-0.422,-0.336,-0.741,-0.789,-0.319,-0.616,-0.502,-0.024,0.068,0.484,0.552,0.092,-0.822,-0.23,-1.494,0.528,-0.559,0.707,0.595,1.188,1.022,1.368,0.654,-0.245,0.704,0.91
2016-09-08,CTD5,4179450,700268,0.006167915,0.010860509,0.017765567,0.0038938415,0.002449288,0.0006656264,0.00064867904,0.00026119436,0.1399999999999999,-0.241,35.788,0.472,-164.739,0.632,-316.205,0.64,-200.527,0.758,-351.993,0.228,-151.466,0.139,0.088,-2.927,-0.403,-5.618,-1.231,-2.178,-0.491,-3.823,-1.371,-1.645,-2.691,-1.089,0.345,0.388,1.042,1.038,0.05,-0.978,-0.018,-4.464,2.651,-0.128,4.215,0.046,1.007,4.337,6.895,0.221,-0.006,0.515,0.933
2016-09-08,CTD6,4176009,695829,0.0060909125,0.009625891,0.019258818,0.010137401,0.007506512,0.002271974,0.002254209,0.00090328394,4.35,-0.333,51.962,-0.026,5.242,0.124,-29.331,0.31,-46.72,0.439,-81.293,0.149,-34.573,0.527,0.39,0.101,0.039,-0.565,-0.297,-0.45,-0.351,-0.783,-0.824,-0.333,-0.666,-0.546,-0.019,0.072,0.532,0.595,0.091,-0.851,-0.241,-1.616,0.56,-0.617,0.756,0.65,1.26,1.12,1.512,0.663,-0.253,0.684,0.911
2016-09-08,CTD7,4176724,690397,0.0057316483,0.00939105,0.019966764,0.010684125,0.008049293,0.0024727155,0.0024667014,0.0009904995,4.69,-0.36,56.401,-0.064,12.888,0.077,-17.75,0.303,-43.514,0.425,-74.151,0.141,-30.638,0.603,0.454,0.257,0.104,-0.354,-0.19,-0.409,-0.35,-0.696,-0.792,-0.288,-0.612,-0.565,-0.046,0.044,0.532,0.594,0.09,-0.857,-0.283,-1.602,0.476,-0.702,0.632,0.799,1.373,1.012,1.343,0.735,-0.322,0.684,0.914
2016-09-08,CTD9,4171106,693183,0.009937508,0.015518122,0.031118577,0.019131107,0.014862239,0.004631581,0.0046138233,0.0018209004,,-0.335,32.306,-0.104,12.17,0.022,-2.844,0.239,-20.136,0.354,-35.149,0.126,-15.014,0.618,0.48,0.379,0.181,-0.088,-0.054,-0.312,-0.299,-0.545,-0.672,-0.233,-0.467,-0.459,-0.079,0.013,0.395,0.469,0.092,-0.789,-0.278,-1.283,0.334,-0.582,0.429,0.718,1.228,0.669,0.861,0.755,-0.343,0.743,0.915
2016-09-08,CTD10,4170388,695646,0.0077262647,0.012557411,0.026611755,0.015316417,0.011797414,0.0036603203,0.0036547238,0.001453053,5.38,-0.359,42.057,-0.099,14.345,0.031,-5.13,0.269,-27.712,0.386,-47.187,0.13,-19.475,0.644,0.496,0.382,0.169,-0.137,-0.079,-0.348,-0.327,-0.593,-0.723,-0.245,-0.518,-0.518,-0.072,0.018,0.464,0.531,0.09,-0.826,-0.298,-1.436,0.377,-0.673,0.489,0.821,1.349,0.798,1.036,0.776,-0.364,0.712,0.916
2016-09-08,CTD11,4169609,700351,0.00643777,0.010480074,0.02196847,0.012150924,0.009191142,0.0028178585,0.0028107907,0.0011236372,6.33,-0.354,49.899,-0.074,13.121,0.066,-13.381,0.288,-36.778,0.41,-63.281,0.139,-26.502,0.606,0.459,0.288,0.121,-0.294,-0.163,-0.385,-0.338,-0.663,-0.769,-0.278,-0.582,-0.538,-0.054,0.038,0.499,0.565,0.091,-0.845,-0.279,-1.528,0.444,-0.668,0.587,0.774,1.34,0.931,1.231,0.741,-0.324,0.697,0.913
2016-09-08,CTD12,4173438,695414,0.0060425512,0.009880769,0.020530393,0.0105869295,0.007860441,0.0023763315,0.0023638187,0.0009469597,4.19,-0.35,52.498,-0.035,6.751,0.114,-26.013,0.32,-45.748,0.446,-78.511,0.148,-32.763,0.556,0.413,0.139,0.053,-0.534,-0.275,-0.452,-0.36,-0.776,-0.831,-0.324,-0.673,-0.577,-0.025,0.065,0.56,0.619,0.09,-0.866,-0.261,-1.679,0.55,-0.682,0.741,0.731,1.335,1.144,1.54,0.689,-0.28,0.673,0.912
2017-06-30,CTD1,4187246,695025,0.014555452,0.025258243,0.04570271,0.01201373,0.007833761,0.0020894378,0.0020409217,0.00080174045,3.878,-0.288,17.71,0.355,-43.647,0.527,-88.062,0.584,-61.358,0.707,-105.772,0.211,-44.415,0.213,0.139,-1.995,-0.342,-4.025,-1.058,-1.55,-0.481,-2.672,-1.271,-1.122,-2.03,-1.03,0.247,0.302,1.018,1.016,0.059,-0.981,-0.099,-3.732,1.931,-0.58,2.961,0.276,1.157,3.494,5.358,0.304,-0.047,0.525,0.928
2017-06-30,CTD2,4181518,693105,0.008633186,0.016471583,0.032805778,0.008189881,0.005347556,0.0014498516,0.0014278888,0.0005706153,2.029,-0.331,30.228,0.336,-61.391,0.51,-126.291,0.6,-91.619,0.72,-156.519,0.21,-64.899,0.248,0.162,-2.014,-0.328,-4.143,-1.034,-1.509,-0.49,-2.578,-1.282,-1.069,-2.129,-1.207,0.217,0.271,1.128,1.113,0.058,-1.029,-0.151,-4.124,1.848,-0.925,2.831,0.46,1.339,3.681,5.638,0.334,-0.075,0.5,0.931
2017-06-30,CTD3,4181698,695238,0.0076408233,0.013795227,0.022945467,0.005160859,0.003286002,0.0009007639,0.0008846046,0.00035753555,1.239,-0.249,28.907,0.455,-121.277,0.615,-231.832,0.633,-150.185,0.749,-260.74,0.222,-110.555,0.149,0.095,-2.783,-0.399,-5.32,-1.196,-2.072,-0.494,-3.597,-1.346,-1.525,-2.537,-1.083,0.329,0.374,1.041,1.037,0.051,-0.969,-0.035,-4.31,2.53,-0.248,3.973,0.093,1.027,4.208,6.609,0.231,-0.013,0.516,0.933
2017-06-30,CTD4,4180266,698264,0.007890233,0.014952558,0.030679425,0.008510471,0.005669013,0.0015612615,0.001541939,0.0006169993,1.9025,-0.345,34.283,0.275,-50.624,0.45,-109.519,0.566,-84.907,0.688,-143.802,0.2,-58.895,0.292,0.194,-1.553,-0.287,-3.36,-0.932,-1.27,-0.481,-2.15,-1.224,-0.881,-1.807,-1.109,0.177,0.237,1.075,1.066,0.062,-1.014,-0.179,-3.655,1.572,-0.967,2.36,0.551,1.386,3.226,4.843,0.384,-0.102,0.514,0.927
2017-06-30,CTD5,4179450,700268,0.016639594,0.028727274,0.03313311,0.004545199,0.0026825913,0.00071056624,0.0006950599,0.0002798562,0.3675,-0.071,4.629,0.727,-185.202,0.829,-337.964,0.759,-189.831,0.85,-342.593,0.258,-152.762,0.021,0.012,-6.136,-0.497,-11.198,-1.536,-5.453,-0.509,-9.842,-1.557,-4.388,-5.061,-0.61,0.675,0.691,0.91,0.915,0.03,-0.827,0.277,-6.031,6.239,3.419,10.572,-0.541,0.563,7.196,12.193,0.077,0.044,0.538,0.951
2017-06-30,CTD6,4176009,695829,0.009010917,0.015879365,0.03186345,0.011587843,0.008145101,0.0023135839,0.0022838202,0.00090505404,2.539,-0.335,31.591,0.156,-23.323,0.322,-59.798,0.467,-54.913,0.593,-91.389,0.174,-36.476,0.366,0.257,-0.743,-0.19,-1.905,-0.693,-0.872,-0.447,-1.451,-1.059,-0.579,-1.162,-0.81,0.107,0.178,0.844,0.864,0.072,-0.924,-0.205,-2.542,1.115,-0.8,1.586,0.584,1.304,2.237,3.182,0.474,-0.149,0.575,0.921
2017-06-30,CTD7,4176724,690397,0.012265761,0.023942998,0.047303878,0.010590269,0.0067862007,0.0017701709,0.0017351509,0.0006832186,3.645,-0.328,20.626,0.387,-52.66,0.558,-105.592,0.634,-73.286,0.749,-126.218,0.219,-52.932,0.218,0.14,-2.491,-0.357,-4.995,-1.118,-1.755,-0.497,-3.022,-1.337,-1.267,-2.504,-1.344,0.247,0.296,1.195,1.173,0.053,-1.054,-0.135,-4.71,2.117,-0.939,3.304,0.415,1.335,4.183,6.528,0.299,-0.06,0.485,0.934
2017-06-30,CTD8,4174178,693048,0.008777427,0.01660745,0.03474905,0.0104705775,0.0071165683,0.0019671319,0.0019429465,0.0007722274,2.2275,-0.353,31.436,0.227,-35.292,0.4,-80.303,0.537,-66.728,0.66,-111.739,0.191,-45.011,0.329,0.224,-1.226,-0.251,-2.79,-0.841,-1.108,-0.475,-1.856,-1.17,-0.748,-1.564,-1.032,0.147,0.21,1.023,1.02,0.065,-0.993,-0.202,-3.297,1.381,-0.985,2.032,0.621,1.413,2.89,4.252,0.426,-0.127,0.527,0.926
2017-06-30,CTD9,4171106,693183,0.014966193,0.026597496,0.058497857,0.026220882,0.020387648,0.0061719166,0.006119407,0.0023600971,,-0.375,20.503,0.007,-0.54,0.132,-11.452,0.381,-21.043,0.483,-31.955,0.125,-10.912,0.538,0.418,-0.032,-0.011,-0.67,-0.3,-0.56,-0.429,-0.85,-0.838,-0.29,-0.638,-0.684,0.005,0.073,0.687,0.722,0.069,-0.831,-0.323,-1.855,0.666,-0.926,0.856,0.913,1.422,1.464,1.883,0.637,-0.318,0.621,0.931
2017-06-30,CTD10,4170388,695646,0.00749276,0.0138700865,0.023317393,0.0050675385,0.0032169272,0.0008808788,0.0008668754,0.00035092354,1.6725,-0.254,29.211,0.465,-125.237,0.623,-238.758,0.643,-154.448,0.758,-267.969,0.223,-113.521,0.148,0.094,-2.92,-0.403,-5.567,-1.21,-2.142,-0.497,-3.717,-1.358,-1.575,-2.647,-1.14,0.332,0.375,1.068,1.061,0.05,-0.98,-0.04,-4.511,2.599,-0.29,4.094,0.106,1.046,4.369,6.883,0.227,-0.015,0.509,0.935
2017-06-30,CTD11,4169609,700351,0.006228648,0.011510907,0.022985807,0.007494589,0.0051139547,0.001445827,0.0014330839,0.00057700695,1.4475,-0.333,43.369,0.211,-46.555,0.385,-108.669,0.508,-89.924,0.636,-152.038,0.189,-62.114,0.325,0.222,-1.07,-0.238,-2.498,-0.814,-1.035,-0.46,-1.75,-1.139,-0.715,-1.428,-0.91,0.143,0.21,0.932,0.94,0.069,-0.965,-0.182,-2.959,1.313,-0.816,1.925,0.531,1.315,2.623,3.844,0.429,-0.118,0.551,0.922
2017-06-30,CTD12,4173438,695414,0.0073962267,0.013280294,0.027460238,0.009996373,0.0070650657,0.0020403631,0.002023509,0.00080975343,2.378,-0.348,38.883,0.141,-24.737,0.305,-66.242,0.466,-63.62,0.591,-105.125,0.172,-41.505,0.389,0.275,-0.679,-0.175,-1.819,-0.662,-0.845,-0.449,-1.396,-1.051,-0.551,-1.14,-0.831,0.095,0.166,0.858,0.876,0.072,-0.931,-0.223,-2.558,1.071,-0.867,1.516,0.653,1.361,2.215,3.134,0.495,-0.168,0.571,0.922
2018-02-20,CTD1,4187246,695025,0.0016908413,0.0025979525,0.005738363,0.004381372,0.0035860972,0.0011962997,0.001208947,0.00049716583,2.406,-0.377,210.653,-0.256,156.679,-0.16,106.064,0.134,-53.973,0.231,-104.589,0.1,-50.616,0.923,0.755,0.899,0.562,0.609,0.465,-0.14,-0.194,-0.272,-0.458,-0.131,-0.29,-0.394,-0.191,-0.098,0.219,0.308,0.095,-0.769,-0.366,-1.007,-0.032,-0.585,-0.039,0.987,1.39,-0.071,-0.086,1.062,-0.617,0.837,0.921
2018-02-20,CTD2,4181518,693105,0.003636068,0.0067895213,0.01547827,0.005600198,0.0039193174,0.0011203192,0.0011062449,0.00044458252,2.3440000000000003,-0.39,82.679,0.096,-31.279,0.268,-107.861,0.469,-113.958,0.596,-190.54,0.177,-76.581,0.463,0.324,-0.484,-0.123,-1.669,-0.604,-0.774,-0.447,-1.294,-1.067,-0.52,-1.185,-0.913,0.061,0.136,0.922,0.933,0.075,-0.99,-0.261,-2.737,0.959,-1.032,1.371,0.851,1.58,2.187,3.124,0.572,-0.215,0.556,0.92
2018-02-20,CTD3,4181698,695238,0.0050433776,0.009698526,0.021391178,0.0048053833,0.0031049072,0.0008417159,0.00081981794,0.00032856513,2.1775,-0.376,56.36,0.337,-104.991,0.515,-218.962,0.633,-161.352,0.746,-275.323,0.215,-113.971,0.271,0.175,-2.246,-0.326,-4.684,-1.052,-1.565,-0.501,-2.67,-1.323,-1.105,-2.438,-1.478,0.2,0.252,1.295,1.261,0.055,-1.094,-0.193,-4.871,1.873,-1.328,2.899,0.658,1.559,4.131,6.394,0.35,-0.095,0.467,0.935
2018-02-20,CTD4,4180266,698264,0.0067001693,0.012197695,0.023140972,0.006182447,0.0039937776,0.0010669241,0.0010418809,0.00041388278,2.0395,-0.31,38.769,0.327,-79.766,0.507,-168.407,0.578,-118.535,0.706,-207.176,0.215,-88.641,0.24,0.155,-1.846,-0.319,-3.897,-1.041,-1.446,-0.473,-2.527,-1.281,-1.081,-2.051,-1.075,0.222,0.28,1.047,1.042,0.062,-1.021,-0.119,-3.821,1.8,-0.689,2.787,0.349,1.251,3.416,5.287,0.334,-0.06,0.52,0.925
2018-02-20,CTD5,4179450,700268,0.01417947,0.02398399,0.03314199,0.0044087823,0.0026083142,0.00068092026,0.0006524438,0.00025975192,0.6925,-0.16,11.521,0.689,-185.126,0.804,-341.695,0.765,-196.647,0.854,-353.216,0.257,-156.569,0.051,0.03,-6.135,-0.483,-11.324,-1.506,-4.716,-0.513,-8.472,-1.557,-3.755,-5.189,-1.305,0.548,0.569,1.081,1.075,0.032,-0.967,0.132,-7.266,5.361,1.678,9.062,-0.308,0.79,7.409,12.522,0.105,0.024,0.497,0.952
2018-02-20,CTD6,4176009,695829,0.0077471756,0.014334213,0.027198177,0.0062372726,0.003974673,0.0010579098,0.0010316502,0.00041075275,2.4595,-0.31,32.996,0.394,-90.563,0.566,-181.83,0.627,-123.559,0.745,-214.826,0.222,-91.267,0.206,0.131,-2.463,-0.36,-4.945,-1.134,-1.771,-0.491,-3.079,-1.34,-1.308,-2.482,-1.26,0.26,0.31,1.145,1.129,0.054,-1.042,-0.11,-4.545,2.152,-0.754,3.377,0.328,1.26,4.083,6.408,0.289,-0.048,0.495,0.932
2018-02-20,CTD7,4176724,690397,0.0040838653,0.008045933,0.01878742,0.005143128,0.003420809,0.0009399589,0.00092494383,0.00037159506,2.2945,-0.4,71.059,0.22,-70.148,0.403,-168.042,0.57,-141.207,0.692,-239.101,0.201,-97.894,0.365,0.243,-1.318,-0.24,-3.157,-0.864,-1.136,-0.483,-1.924,-1.23,-0.788,-1.839,-1.254,0.131,0.193,1.19,1.165,0.064,-1.075,-0.237,-3.928,1.382,-1.301,2.078,0.832,1.67,3.228,4.853,0.457,-0.151,0.492,0.928
2018-02-20,CTD8,4174178,693048,0.006309209,0.011961534,0.02482502,0.006847038,0.004483573,0.0012030493,0.0011796813,0.0004689075,2.5620000000000003,-0.35,43.319,0.272,-62.447,0.455,-139.435,0.568,-105.767,0.694,-182.754,0.209,-76.988,0.297,0.194,-1.55,-0.28,-3.461,-0.955,-1.265,-0.474,-2.186,-1.251,-0.921,-1.911,-1.135,0.175,0.236,1.093,1.081,0.064,-1.045,-0.173,-3.79,1.566,-0.958,2.392,0.548,1.421,3.251,4.964,0.392,-0.099,0.511,0.925
2018-02-20,CTD9,4171106,693183,0.013911523,0.023913745,0.049793042,0.022128811,0.016345862,0.0047220998,0.00464931,0.0017993123,,-0.351,21.734,0.039,-3.373,0.188,-19.361,0.385,-25.107,0.506,-41.094,0.15,-15.988,0.481,0.355,-0.168,-0.055,-0.964,-0.428,-0.6,-0.41,-0.983,-0.909,-0.382,-0.796,-0.673,0.027,0.105,0.687,0.726,0.078,-0.874,-0.258,-1.966,0.752,-0.787,1.019,0.728,1.344,1.567,2.121,0.597,-0.239,0.625,0.92
2018-02-20,CTD10,4170388,695646,0.0076110032,0.014285633,0.02843225,0.0074126455,0.004812056,0.001281763,0.0012541312,0.00049716583,3.1895,-0.331,34.829,0.317,-64.904,0.496,-137.811,0.586,-99.733,0.711,-172.64,0.213,-72.907,0.258,0.168,-1.845,-0.312,-3.918,-1.022,-1.425,-0.48,-2.466,-1.28,-1.042,-2.073,-1.157,0.207,0.264,1.101,1.089,0.061,-1.038,-0.147,-3.981,1.758,-0.867,2.708,0.45,1.341,3.499,5.39,0.35,-0.076,0.508,0.927
2018-02-20,CTD11,4169609,700351,0.0062515666,0.012279659,0.028068682,0.008162968,0.0055071986,0.0015156661,0.0014955931,0.00059682125,2.9165,-0.391,45.809,0.201,-41.069,0.381,-100.145,0.549,-86.878,0.672,-145.954,0.194,-59.076,0.374,0.252,-1.153,-0.226,-2.811,-0.817,-1.067,-0.478,-1.792,-1.191,-0.725,-1.658,-1.155,0.123,0.187,1.119,1.104,0.066,-1.045,-0.237,-3.592,1.308,-1.209,1.939,0.804,1.611,2.99,4.432,0.469,-0.158,0.507,0.927
2018-02-20,CTD12,4173438,695414,0.006572768,0.011979025,0.02229467,0.0052702725,0.0033552528,0.00089711585,0.0008740693,0.0003488447,2.8035,-0.301,38.625,0.389,-106.264,0.562,-214.561,0.618,-144.89,0.738,-253.186,0.222,-108.297,0.204,0.13,-2.369,-0.357,-4.784,-1.131,-1.736,-0.486,-3.033,-1.334,-1.297,-2.414,-1.196,0.262,0.313,1.11,1.098,0.056,-1.033,-0.099,-4.372,2.122,-0.66,3.334,0.29,1.225,3.95,6.205,0.289,-0.044,0.503,0.931
2018-03-07,CTD1,4187246,695025,0.014145299,0.024789104,0.048460405,0.014339147,0.00954179,0.0025268465,0.0024601617,0.0009539783,5.959,-0.323,19.705,0.267,-29.399,0.444,-64.462,0.543,-49.104,0.671,-84.167,0.201,-35.063,0.283,0.188,-1.425,-0.281,-3.124,-0.924,-1.217,-0.469,-2.086,-1.207,-0.869,-1.699,-0.991,0.18,0.243,0.994,0.995,0.065,-0.991,-0.154,-3.35,1.532,-0.782,2.302,0.452,1.289,2.995,4.5,0.382,-0.089,0.534,0.924
2018-03-07,CTD2,4181518,693105,0.007831322,0.014657307,0.029024517,0.0066380613,0.0042500384,0.0011371515,0.0011098793,0.00044253253,3.1945,-0.329,33.772,0.377,-82.421,0.55,-167.067,0.628,-116.193,0.745,-200.838,0.219,-84.646,0.224,0.144,-2.392,-0.35,-4.849,-1.109,-1.703,-0.494,-2.944,-1.333,-1.241,-2.457,-1.32,0.241,0.292,1.184,1.163,0.055,-1.057,-0.135,-4.621,2.062,-0.924,3.22,0.418,1.34,4.082,6.376,0.306,-0.061,0.488,0.933
2018-03-07,CTD3,4181698,695238,0.010386326,0.018876156,0.036951665,0.009800389,0.0064034243,0.0017063244,0.0016675593,0.0006565361,3.921,-0.324,25.915,0.316,-49.06,0.493,-103.19,0.581,-74.974,0.705,-129.104,0.21,-54.13,0.254,0.166,-1.813,-0.314,-3.813,-1.011,-1.415,-0.48,-2.437,-1.265,-1.022,-2.0,-1.116,0.209,0.267,1.074,1.065,0.061,-1.02,-0.143,-3.845,1.753,-0.823,2.683,0.427,1.304,3.431,5.251,0.346,-0.074,0.514,0.927
2018-03-07,CTD4,4180266,698264,0.011732994,0.021745728,0.04267074,0.010590269,0.0068574133,0.0018007874,0.0017579901,0.0006896195,3.135,-0.325,22.551,0.345,-48.44,0.521,-99.842,0.602,-70.991,0.723,-122.392,0.214,-51.401,0.239,0.155,-2.067,-0.332,-4.26,-1.057,-1.544,-0.487,-2.662,-1.296,-1.118,-2.193,-1.199,0.225,0.28,1.122,1.108,0.058,-1.035,-0.138,-4.169,1.893,-0.858,2.923,0.418,1.315,3.714,5.736,0.326,-0.067,0.502,0.93
2018-03-07,CTD5,4179450,700268,0.0130798835,0.02208298,0.030203255,0.0044394336,0.0026595925,0.0006994049,0.00067299325,0.00026807064,0.8225,-0.155,12.175,0.665,-179.97,0.785,-330.714,0.744,-192.145,0.838,-342.888,0.251,-150.743,0.054,0.032,-5.436,-0.479,-9.989,-1.468,-4.243,-0.511,-7.572,-1.522,-3.329,-4.553,-1.144,0.537,0.561,1.041,1.039,0.034,-0.938,0.132,-6.382,4.886,1.5,8.156,-0.301,0.769,6.683,11.155,0.113,0.027,0.507,0.949
2018-03-07,CTD6,4176009,695829,0.00792814,0.014277549,0.026839066,0.0069397204,0.004490134,0.0012054687,0.0011772729,0.0004679266,3.0735,-0.306,32.781,0.346,-74.058,0.522,-152.67,0.589,-106.839,0.713,-185.451,0.214,-78.612,0.227,0.147,-1.988,-0.333,-4.098,-1.059,-1.525,-0.48,-2.648,-1.287,-1.122,-2.11,-1.099,0.234,0.29,1.06,1.053,0.06,-1.014,-0.115,-3.92,1.89,-0.688,2.921,0.334,1.233,3.553,5.491,0.319,-0.056,0.516,0.927
2018-03-07,CTD7,4176724,690397,0.008539009,0.015874974,0.03050336,0.006566729,0.0041588894,0.0011028352,0.0010731607,0.00042699056,3.0395000000000003,-0.315,30.209,0.415,-89.291,0.585,-177.457,0.646,-119.5,0.76,-207.666,0.224,-88.166,0.198,0.126,-2.724,-0.371,-5.413,-1.165,-1.897,-0.497,-3.297,-1.364,-1.4,-2.689,-1.364,0.269,0.316,1.195,1.174,0.052,-1.059,-0.113,-4.917,2.281,-0.828,3.602,0.343,1.288,4.383,6.921,0.277,-0.047,0.484,0.935
2018-03-07,CTD8,4174178,693048,0.009449491,0.017525302,0.03250701,0.00667624,0.0041988315,0.0011081869,0.0010784607,0.00042879183,3.0525,-0.299,26.298,0.448,-92.725,0.613,-181.101,0.659,-119.022,0.771,-207.399,0.228,-88.377,0.176,0.11,-3.014,-0.389,-5.887,-1.209,-2.086,-0.5,-3.635,-1.385,-1.549,-2.873,-1.378,0.296,0.34,1.189,1.17,0.05,-1.051,-0.09,-5.117,2.496,-0.695,3.968,0.265,1.226,4.629,7.361,0.252,-0.034,0.484,0.937
2018-03-07,CTD9,4171106,693183,0.013695409,0.023224136,0.04620722,0.017450256,0.012187057,0.0033549166,0.003280285,0.0012706874,,-0.331,21.417,0.142,-14.247,0.312,-38.996,0.452,-35.664,0.583,-60.413,0.178,-24.749,0.374,0.261,-0.658,-0.174,-1.802,-0.68,-0.828,-0.435,-1.403,-1.054,-0.575,-1.144,-0.775,0.099,0.173,0.812,0.836,0.076,-0.929,-0.196,-2.461,1.067,-0.742,1.528,0.558,1.291,2.123,3.04,0.488,-0.147,0.586,0.917
2018-03-07,CTD10,4170388,695646,0.0070574796,0.0131322965,0.026079694,0.0061698575,0.003967348,0.0010695131,0.0010448833,0.0004179153,2.863,-0.33,37.804,0.361,-85.93,0.536,-175.909,0.617,-123.734,0.736,-213.714,0.217,-89.979,0.233,0.15,-2.241,-0.341,-4.588,-1.085,-1.625,-0.491,-2.807,-1.319,-1.182,-2.347,-1.277,0.232,0.284,1.164,1.146,0.056,-1.052,-0.139,-4.445,1.976,-0.917,3.074,0.431,1.343,3.925,6.104,0.318,-0.066,0.492,0.932
2018-03-07,CTD11,4169609,700351,0.010050367,0.018357402,0.034237746,0.008056075,0.0051565827,0.0013620359,0.0013281143,0.0005250361,3.209,-0.302,25.266,0.39,-69.656,0.561,-139.453,0.619,-94.922,0.738,-164.719,0.219,-69.797,0.204,0.13,-2.385,-0.359,-4.775,-1.123,-1.743,-0.489,-3.024,-1.327,-1.281,-2.39,-1.202,0.261,0.312,1.113,1.101,0.055,-1.026,-0.104,-4.361,2.128,-0.69,3.325,0.303,1.225,3.969,6.201,0.288,-0.046,0.502,0.931
2018-03-07,CTD12,4173438,695414,0.008549147,0.015142088,0.027359812,0.006553431,0.0041957465,0.0011248448,0.0010958591,0.0004362526,2.6870000000000003,-0.287,29.491,0.396,-86.551,0.566,-172.296,0.614,-116.042,0.734,-201.787,0.219,-85.745,0.193,0.124,-2.368,-0.363,-4.714,-1.129,-1.757,-0.487,-3.055,-1.322,-1.298,-2.346,-1.137,0.272,0.323,1.076,1.068,0.055,-1.008,-0.087,-4.21,2.157,-0.566,3.369,0.245,1.167,3.898,6.088,0.279,-0.038,0.51,0.93
2018-05-16,CTD1,4187246,695025,0.010246718,0.018781519,0.033337742,0.0071403906,0.0045329947,0.0012156803,0.0011903335,0.00047582775,0.516,-0.279,23.248,0.449,-86.805,0.611,-167.361,0.647,-110.052,0.761,-190.609,0.223,-80.556,0.166,0.105,-2.894,-0.393,-5.579,-1.195,-2.067,-0.499,-3.58,-1.361,-1.513,-2.686,-1.247,0.307,0.352,1.124,1.111,0.05,-1.012,-0.071,-4.724,2.494,-0.526,3.929,0.2,1.14,4.428,6.974,0.244,-0.027,0.497,0.936
2018-05-16,CTD2,4181518,693105,0.008380698,0.015146321,0.025163071,0.005293871,0.0033402964,0.0009073672,0.0008890003,0.0003582945,1.2635,-0.248,26.282,0.482,-122.875,0.639,-233.352,0.652,-149.157,0.766,-259.634,0.226,-110.477,0.139,0.088,-3.092,-0.41,-5.872,-1.235,-2.259,-0.498,-3.932,-1.374,-1.673,-2.78,-1.16,0.346,0.388,1.075,1.068,0.048,-0.983,-0.029,-4.672,2.728,-0.219,4.324,0.076,1.03,4.533,7.184,0.217,-0.01,0.507,0.936
2018-05-16,CTD3,4181698,695238,0.0069829607,0.01277005,0.022393297,0.005079772,0.003241003,0.0008862587,0.00086974597,0.0003512215,1.115,-0.274,33.652,0.431,-118.551,0.595,-230.238,0.63,-152.203,0.747,-263.89,0.221,-111.687,0.171,0.109,-2.655,-0.384,-5.156,-1.17,-1.944,-0.493,-3.37,-1.341,-1.426,-2.501,-1.157,0.3,0.347,1.081,1.073,0.052,-0.997,-0.068,-4.395,2.369,-0.468,3.713,0.186,1.116,4.155,6.512,0.253,-0.027,0.508,0.933
2018-05-16,CTD4,4180266,698264,0.007761144,0.014076634,0.025687922,0.0064239604,0.00415736,0.0011348628,0.0011148952,0.00044776828,1.0695,-0.292,32.111,0.373,-84.628,0.544,-169.498,0.6,-116.738,0.721,-201.608,0.214,-84.87,0.206,0.133,-2.174,-0.352,-4.354,-1.089,-1.643,-0.485,-2.838,-1.295,-1.195,-2.18,-1.097,0.256,0.309,1.056,1.05,0.057,-0.997,-0.099,-3.988,2.029,-0.613,3.136,0.28,1.178,3.703,5.723,0.295,-0.045,0.516,0.929
2018-05-16,CTD5,4179450,700268,0.012231711,0.022266855,0.034265004,0.0058267456,0.0035661862,0.0009449264,0.00092341827,0.0003701811,0.615,-0.212,15.726,0.585,-126.713,0.724,-235.502,0.709,-142.438,0.811,-251.227,0.241,-108.789,0.092,0.056,-4.342,-0.452,-8.069,-1.372,-3.172,-0.508,-5.594,-1.464,-2.422,-3.728,-1.277,0.435,0.466,1.101,1.093,0.04,-0.984,0.038,-5.787,3.717,0.363,6.074,-0.095,0.927,5.72,9.347,0.158,0.01,0.497,0.944
2018-05-16,CTD6,4176009,695829,0.008837265,0.01591452,0.028775293,0.007212435,0.0046723317,0.0012720468,0.0012490334,0.000500286,1.1505,-0.288,28.084,0.376,-75.814,0.546,-151.19,0.599,-103.897,0.721,-179.274,0.214,-75.376,0.203,0.131,-2.182,-0.354,-4.351,-1.09,-1.653,-0.485,-2.853,-1.293,-1.2,-2.169,-1.082,0.26,0.312,1.047,1.042,0.057,-0.991,-0.095,-3.952,2.044,-0.584,3.155,0.264,1.16,3.696,5.705,0.291,-0.043,0.517,0.929
2018-05-16,CTD7,4176724,690397,0.012774749,0.024717404,0.050380133,0.012165829,0.007892556,0.0020608185,0.0020179958,0.00079095375,3.806,-0.342,20.608,0.34,-41.74,0.516,-86.244,0.611,-62.348,0.729,-106.853,0.213,-44.504,0.251,0.163,-2.103,-0.329,-4.345,-1.049,-1.541,-0.492,-2.641,-1.3,-1.1,-2.242,-1.279,0.215,0.269,1.172,1.152,0.057,-1.051,-0.158,-4.352,1.875,-1.009,2.89,0.497,1.389,3.822,5.891,0.336,-0.078,0.491,0.932
2018-05-16,CTD8,4174178,693048,0.009868579,0.01859326,0.03337342,0.006837831,0.004316045,0.0011523677,0.0011300729,0.0004523025,1.45,-0.284,23.819,0.462,-92.462,0.623,-177.911,0.66,-116.281,0.771,-201.73,0.226,-85.448,0.163,0.103,-3.086,-0.399,-5.937,-1.217,-2.162,-0.502,-3.751,-1.379,-1.589,-2.852,-1.325,0.312,0.355,1.158,1.143,0.049,-1.027,-0.074,-5.013,2.59,-0.573,4.103,0.211,1.164,4.649,7.365,0.238,-0.027,0.489,0.937
2018-05-16,CTD9,4171106,693183,0.02084963,0.033524137,0.06676144,0.031594206,0.024321565,0.00725665,0.0071282242,0.0027167886,,-0.331,14.851,0.03,-1.822,0.159,-11.287,0.358,-16.673,0.466,-26.137,0.13,-9.464,0.469,0.361,-0.122,-0.044,-0.754,-0.357,-0.559,-0.406,-0.876,-0.826,-0.317,-0.632,-0.594,0.021,0.094,0.608,0.652,0.073,-0.797,-0.268,-1.684,0.697,-0.735,0.905,0.692,1.222,1.388,1.803,0.578,-0.252,0.649,0.926
2018-05-16,CTD10,4170388,695646,0.007890233,0.0148564065,0.030805638,0.008951607,0.005996693,0.0016510364,0.0016307536,0.0006512068,1.7935,-0.349,34.849,0.248,-44.401,0.425,-99.448,0.55,-79.25,0.674,-134.297,0.198,-55.047,0.312,0.209,-1.368,-0.266,-3.064,-0.89,-1.177,-0.475,-1.995,-1.202,-0.818,-1.696,-1.067,0.16,0.223,1.048,1.042,0.065,-1.01,-0.188,-3.477,1.465,-0.964,2.187,0.581,1.404,3.038,4.535,0.408,-0.113,0.521,0.926
2018-05-16,CTD11,4169609,700351,0.00781021,0.014128654,0.02760752,0.008176415,0.0054365993,0.0014954016,0.0014729018,0.00058877387,1.8825,-0.323,34.556,0.267,-51.525,0.444,-113.16,0.543,-86.081,0.671,-147.716,0.201,-61.636,0.283,0.188,-1.422,-0.28,-3.124,-0.925,-1.216,-0.468,-2.087,-1.208,-0.871,-1.702,-0.99,0.18,0.243,0.993,0.994,0.066,-0.992,-0.153,-3.35,1.531,-0.778,2.303,0.45,1.289,2.992,4.499,0.382,-0.089,0.534,0.923
2018-05-16,CTD12,4173438,695414,0.009515972,0.017397976,0.028440192,0.0056174784,0.0035188277,0.0009503047,0.0009310707,0.00037507337,1.41,-0.241,22.316,0.512,-120.538,0.664,-226.708,0.67,-142.854,0.78,-249.024,0.23,-106.17,0.125,0.079,-3.428,-0.424,-6.448,-1.274,-2.485,-0.503,-4.333,-1.399,-1.847,-3.019,-1.209,0.369,0.408,1.091,1.083,0.046,-0.985,-0.015,-4.985,2.973,-0.119,4.747,0.038,1.008,4.861,7.759,0.199,-0.005,0.502,0.938
2018-06-20,CTD1,4187246,695025,0.0070148096,0.012535582,0.027190499,0.011282443,0.008297531,0.0024866199,0.0024807646,0.0009954826,1.063,-0.369,42.995,0.053,-8.86,0.203,-40.745,0.413,-51.856,0.532,-83.74,0.152,-31.884,0.485,0.357,-0.241,-0.074,-1.108,-0.46,-0.65,-0.43,-1.05,-0.945,-0.4,-0.867,-0.748,0.035,0.11,0.764,0.793,0.075,-0.899,-0.274,-2.166,0.806,-0.899,1.096,0.809,1.434,1.748,2.377,0.595,-0.247,0.6,0.922
2018-06-20,CTD2,4181518,693105,0.009342294,0.016721314,0.025278972,0.004899182,0.0030543145,0.00083050935,0.0008140739,0.0003288446,0.6890000000000001,-0.204,20.245,0.547,-144.312,0.691,-267.602,0.675,-164.557,0.784,-287.847,0.232,-123.29,0.099,0.062,-3.648,-0.441,-6.765,-1.311,-2.752,-0.503,-4.813,-1.41,-2.062,-3.117,-1.076,0.417,0.453,1.031,1.028,0.044,-0.943,0.038,-4.863,3.292,0.315,5.281,-0.092,0.888,4.977,7.983,0.172,0.011,0.515,0.939
2018-06-20,CTD3,4181698,695238,0.009171298,0.016202375,0.023577182,0.0045656944,0.0028438587,0.0007763506,0.00076067075,0.00030773281,0.7715000000000001,-0.185,19.305,0.56,-157.305,0.701,-289.916,0.676,-176.611,0.785,-309.221,0.232,-132.61,0.088,0.055,-3.709,-0.447,-6.835,-1.324,-2.862,-0.502,-5.01,-1.412,-2.149,-3.127,-0.995,0.44,0.475,0.998,0.998,0.043,-0.918,0.064,-4.742,3.428,0.533,5.504,-0.15,0.832,4.988,8.009,0.161,0.018,0.522,0.939
2018-06-20,CTD4,4180266,698264,0.009969234,0.016716748,0.019942816,0.003310907,0.002008953,0.000546408,0.0005315364,0.00021475862,0.7335,-0.088,9.677,0.669,-242.212,0.785,-437.951,0.715,-251.889,0.817,-447.628,0.245,-195.74,0.032,0.019,-4.83,-0.487,-8.734,-1.45,-4.211,-0.506,-7.483,-1.482,-3.272,-3.904,-0.606,0.611,0.632,0.888,0.895,0.036,-0.81,0.231,-4.878,4.948,2.298,8.155,-0.455,0.586,5.903,9.729,0.097,0.046,0.546,0.944
2018-06-20,CTD5,4179450,700268,0.016301809,0.028759854,0.036125533,0.005257607,0.0031316762,0.0008291611,0.00081306434,0.00032731052,0.42,-0.114,7.089,0.691,-155.43,0.804,-284.547,0.746,-162.519,0.84,-291.637,0.253,-129.117,0.037,0.022,-5.615,-0.487,-10.279,-1.496,-4.674,-0.509,-8.387,-1.533,-3.713,-4.664,-0.878,0.599,0.619,0.968,0.97,0.033,-0.883,0.2,-6.065,5.383,2.312,9.038,-0.423,0.66,6.762,11.353,0.096,0.037,0.524,0.949
2018-06-20,CTD6,4176009,695829,0.008496037,0.015324938,0.02561452,0.0056638015,0.0036021017,0.0009828093,0.0009646853,0.0003889733,0.8755,-0.251,26.213,0.46,-111.307,0.619,-212.363,0.638,-137.52,0.753,-238.575,0.223,-101.056,0.148,0.094,-2.851,-0.401,-5.44,-1.203,-2.107,-0.495,-3.656,-1.351,-1.549,-2.588,-1.11,0.331,0.375,1.054,1.049,0.05,-0.974,-0.038,-4.405,2.565,-0.268,4.033,0.099,1.035,4.287,6.741,0.229,-0.014,0.513,0.934
2018-06-20,CTD7,4176724,690397,0.007411865,0.013502901,0.024803564,0.006382762,0.004160419,0.0011454272,0.0011277606,0.00045420454,1.053,-0.295,33.741,0.358,-82.614,0.529,-166.302,0.591,-116.355,0.713,-200.044,0.211,-83.688,0.215,0.14,-2.049,-0.344,-4.125,-1.061,-1.571,-0.484,-2.701,-1.277,-1.13,-2.076,-1.072,0.246,0.3,1.043,1.038,0.058,-0.99,-0.107,-3.846,1.948,-0.64,2.988,0.303,1.185,3.578,5.489,0.305,-0.051,0.519,0.929
2018-06-20,CTD8,4174178,693048,0.009914488,0.018323185,0.034739874,0.008790045,0.0057238727,0.0015440942,0.001516776,0.0006039756,1.3665,-0.309,25.79,0.352,-59.189,0.524,-120.131,0.596,-84.98,0.717,-145.922,0.211,-60.942,0.227,0.148,-2.056,-0.339,-4.173,-1.056,-1.557,-0.486,-2.674,-1.283,-1.117,-2.117,-1.131,0.236,0.289,1.079,1.07,0.058,-1.008,-0.124,-3.985,1.92,-0.751,2.948,0.36,1.245,3.64,5.59,0.315,-0.059,0.511,0.93
2018-06-20,CTD9,4171106,693183,0.016159674,0.027118081,0.0547724,0.022772012,0.01694549,0.004905409,0.0048154444,0.0018526978,,-0.338,18.618,0.087,-7.038,0.231,-22.137,0.413,-25.656,0.527,-40.755,0.147,-15.099,0.424,0.315,-0.385,-0.119,-1.212,-0.504,-0.696,-0.435,-1.105,-0.928,-0.409,-0.827,-0.696,0.061,0.131,0.726,0.758,0.071,-0.849,-0.249,-2.041,0.881,-0.805,1.185,0.676,1.276,1.78,2.393,0.53,-0.209,0.609,0.925
2018-06-20,CTD10,4170388,695646,0.007438743,0.013495175,0.023337819,0.00550887,0.0035384872,0.0009729064,0.0009563699,0.00038635035,1.2885,-0.267,31.252,0.42,-107.425,0.585,-208.506,0.618,-138.677,0.737,-239.758,0.218,-101.081,0.172,0.111,-2.507,-0.38,-4.866,-1.149,-1.871,-0.491,-3.236,-1.321,-1.364,-2.359,-1.088,0.297,0.345,1.047,1.042,0.053,-0.979,-0.064,-4.146,2.298,-0.423,3.578,0.173,1.087,3.974,6.187,0.257,-0.026,0.516,0.932
2018-06-20,CTD11,4169609,700351,0.0054797614,0.009594087,0.018415209,0.006281878,0.0042391284,0.001195819,0.0011806459,0.00047642537,1.188,-0.315,49.928,0.209,-54.957,0.387,-131.667,0.491,-104.885,0.626,-181.595,0.194,-76.709,0.314,0.212,-1.012,-0.233,-2.425,-0.827,-1.006,-0.445,-1.742,-1.141,-0.736,-1.413,-0.838,0.146,0.217,0.877,0.893,0.073,-0.961,-0.154,-2.817,1.297,-0.668,1.922,0.438,1.245,2.49,3.689,0.425,-0.101,0.567,0.917
2018-06-20,CTD12,4173438,695414,0.012005457,0.021113882,0.02693803,0.0043950565,0.0026675698,0.00072044367,0.0007060733,0.00028551524,1.019,-0.121,10.24,0.655,-180.166,0.776,-327.511,0.719,-190.406,0.82,-337.751,0.245,-147.345,0.045,0.027,-4.853,-0.481,-8.822,-1.439,-4.02,-0.508,-7.131,-1.484,-3.111,-3.969,-0.825,0.565,0.589,0.948,0.951,0.036,-0.864,0.177,-5.294,4.705,1.786,7.752,-0.372,0.669,6.003,9.89,0.109,0.037,0.531,0.945
2018-07-10,CTD1,4187246,695025,0.005346291,0.009851171,0.020444704,0.00676913,0.00466213,0.0013420738,0.0013329722,0.0005405147,7.572,-0.35,52.598,0.185,-46.219,0.358,-112.983,0.503,-98.817,0.629,-165.582,0.184,-66.765,0.356,0.245,-0.945,-0.215,-2.31,-0.765,-0.973,-0.461,-1.631,-1.121,-0.658,-1.365,-0.927,0.123,0.191,0.942,0.95,0.07,-0.97,-0.207,-2.93,1.227,-0.907,1.782,0.623,1.387,2.547,3.698,0.459,-0.142,0.549,0.923
2018-07-10,CTD2,4181518,693105,0.009304064,0.017047878,0.027911708,0.0058307247,0.003681781,0.0010000722,0.0009831456,0.00039644225,1.086,-0.242,22.831,0.49,-112.847,0.645,-212.949,0.654,-135.678,0.767,-235.78,0.226,-100.102,0.133,0.084,-3.15,-0.415,-5.944,-1.242,-2.313,-0.5,-4.02,-1.375,-1.707,-2.794,-1.142,0.355,0.396,1.065,1.059,0.048,-0.973,-0.021,-4.657,2.792,-0.157,4.421,0.054,1.006,4.571,7.239,0.21,-0.007,0.509,0.936
2018-07-10,CTD3,4181698,695238,0.007698461,0.013783437,0.026020264,0.007934647,0.0053054295,0.0014707132,0.0014499424,0.0005805861,1.2635,-0.307,34.119,0.269,-53.479,0.444,-115.935,0.533,-87.598,0.661,-150.055,0.199,-62.457,0.271,0.181,-1.392,-0.284,-3.017,-0.92,-1.207,-0.465,-2.068,-1.191,-0.861,-1.625,-0.924,0.187,0.25,0.947,0.954,0.066,-0.966,-0.139,-3.167,1.533,-0.681,2.293,0.392,1.219,2.894,4.329,0.372,-0.08,0.546,0.923
2018-07-10,CTD4,4180266,698264,0.0059141405,0.010825144,0.02080786,0.0059980913,0.0039923047,0.0011212229,0.0011080607,0.000448521,0.9795,-0.316,44.319,0.287,-74.342,0.461,-158.104,0.552,-118.661,0.678,-202.423,0.201,-83.762,0.266,0.177,-1.547,-0.297,-3.29,-0.948,-1.285,-0.474,-2.191,-1.214,-0.907,-1.743,-0.999,0.195,0.255,0.999,1.0,0.063,-0.982,-0.145,-3.407,1.613,-0.758,2.423,0.42,1.257,3.1,4.658,0.362,-0.081,0.532,0.925
2018-07-10,CTD5,4179450,700268,0.009768769,0.018450502,0.030940682,0.0062161335,0.0039063133,0.0010510911,0.0010350497,0.00041668405,0.6775,-0.253,21.879,0.496,-106.673,0.651,-201.797,0.665,-128.552,0.776,-223.676,0.228,-95.124,0.136,0.085,-3.301,-0.417,-6.244,-1.254,-2.372,-0.502,-4.127,-1.39,-1.755,-2.943,-1.234,0.351,0.391,1.106,1.096,0.047,-0.995,-0.032,-4.953,2.842,-0.254,4.522,0.086,1.049,4.766,7.584,0.211,-0.011,0.499,0.938
2018-07-10,CTD6,4176009,695829,0.006782234,0.012165746,0.02388782,0.00775805,0.0052541327,0.0014748017,0.0014569715,0.00058514875,1.1565,-0.325,40.336,0.221,-46.7,0.397,-108.128,0.51,-87.036,0.639,-148.464,0.192,-61.428,0.313,0.212,-1.116,-0.245,-2.583,-0.839,-1.059,-0.457,-1.806,-1.152,-0.747,-1.467,-0.901,0.151,0.218,0.926,0.935,0.069,-0.967,-0.168,-2.978,1.348,-0.764,1.991,0.487,1.286,2.647,3.909,0.418,-0.107,0.553,0.921
2018-07-10,CTD7,4176724,690397,0.006896579,0.011982525,0.02152475,0.00653353,0.0043319,0.0012049844,0.0011854804,0.0004766247,0.839,-0.285,36.997,0.294,-69.602,0.469,-147.391,0.534,-106.598,0.665,-184.387,0.203,-77.789,0.242,0.16,-1.498,-0.302,-3.173,-0.963,-1.277,-0.462,-2.209,-1.205,-0.932,-1.674,-0.878,0.211,0.273,0.919,0.929,0.066,-0.952,-0.106,-3.135,1.633,-0.528,2.463,0.288,1.133,2.933,4.424,0.344,-0.058,0.553,0.922
2018-07-10,CTD8,4174178,693048,0.0077634742,0.0137011325,0.029299702,0.01276207,0.009529312,0.0028750869,0.0028665408,0.0011446128,1.5975,-0.363,38.857,0.035,-5.371,0.18,-31.953,0.393,-44.227,0.509,-70.809,0.145,-26.582,0.496,0.37,-0.157,-0.051,-0.936,-0.408,-0.606,-0.421,-0.97,-0.904,-0.364,-0.779,-0.7,0.024,0.099,0.712,0.747,0.075,-0.872,-0.279,-2.001,0.748,-0.858,1.002,0.799,1.392,1.6,2.143,0.606,-0.26,0.615,0.923
2018-07-10,CTD9,4171106,693183,0.011848692,0.019727714,0.040746715,0.02055012,0.016017204,0.0049468335,0.004917818,0.0019258856,,-0.348,26.148,-0.02,2.029,0.104,-11.743,0.329,-24.12,0.436,-37.891,0.124,-13.771,0.537,0.419,0.083,0.032,-0.478,-0.241,-0.476,-0.386,-0.748,-0.779,-0.272,-0.561,-0.575,-0.014,0.061,0.565,0.614,0.075,-0.799,-0.295,-1.584,0.567,-0.751,0.727,0.782,1.286,1.171,1.502,0.649,-0.308,0.666,0.926
2018-07-10,CTD10,4170388,695646,0.0056685293,0.010023939,0.019799639,0.0070760963,0.004884213,0.0014000033,0.0013863887,0.0005596433,1.3145,-0.328,49.255,0.172,-41.56,0.345,-104.98,0.473,-90.815,0.604,-154.235,0.183,-63.42,0.349,0.241,-0.823,-0.203,-2.079,-0.743,-0.91,-0.444,-1.546,-1.091,-0.636,-1.256,-0.817,0.119,0.191,0.853,0.872,0.073,-0.943,-0.184,-2.637,1.17,-0.746,1.695,0.526,1.285,2.311,3.348,0.459,-0.13,0.573,0.918
2018-07-10,CTD11,4169609,700351,0.0055051423,0.00946495,0.018353794,0.006995865,0.0048436155,0.001390005,0.0013746587,0.0005538863,1.0935,-0.32,51.168,0.15,-37.289,0.323,-100.804,0.448,-88.457,0.582,-151.973,0.182,-63.516,0.358,0.248,-0.684,-0.181,-1.85,-0.705,-0.837,-0.428,-1.438,-1.063,-0.601,-1.166,-0.751,0.106,0.182,0.794,0.821,0.077,-0.929,-0.177,-2.436,1.089,-0.669,1.573,0.495,1.247,2.112,3.05,0.475,-0.131,0.592,0.915
2018-07-10,CTD12,4173438,695414,0.0063324044,0.0118778795,0.023195142,0.0062393905,0.0041193003,0.0011468121,0.0011333175,0.00045822325,1.3885,-0.323,41.078,0.311,-76.082,0.485,-158.57,0.576,-117.16,0.698,-199.647,0.205,-82.488,0.256,0.169,-1.765,-0.313,-3.678,-0.989,-1.392,-0.483,-2.371,-1.246,-0.98,-1.913,-1.093,0.206,0.264,1.06,1.053,0.06,-1.003,-0.148,-3.727,1.726,-0.834,2.614,0.438,1.293,3.371,5.106,0.348,-0.078,0.517,0.928
2018-08-29,CTD1,4187246,695025,0.004249825,0.007233988,0.014508778,0.0057222038,0.003967348,0.0011454272,0.001130999,0.00045707164,9.37,-0.335,69.313,0.117,-36.522,0.292,-113.821,0.434,-105.834,0.571,-183.134,0.181,-77.3,0.397,0.275,-0.53,-0.145,-1.651,-0.651,-0.766,-0.42,-1.325,-1.048,-0.559,-1.122,-0.751,0.082,0.161,0.784,0.814,0.081,-0.944,-0.195,-2.393,0.991,-0.712,1.429,0.563,1.312,1.987,2.866,0.518,-0.154,0.596,0.913
2018-08-29,CTD2,4181518,693105,0.0057105348,0.00957966,0.0145858945,0.003456533,0.0021818252,0.0005983673,0.00058193004,0.00023451826,0.7355,-0.207,35.828,0.47,-184.919,0.629,-353.944,0.617,-220.748,0.74,-389.772,0.226,-169.025,0.124,0.078,-2.697,-0.403,-5.163,-1.223,-2.115,-0.482,-3.734,-1.347,-1.619,-2.465,-0.888,0.365,0.41,0.946,0.952,0.053,-0.927,0.026,-3.914,2.622,0.171,4.154,-0.062,0.891,3.992,6.324,0.211,0.009,0.539,0.929
2018-08-29,CTD3,4181698,695238,0.0059816903,0.0097657805,0.014870319,0.003874956,0.0024704724,0.0006789891,0.0006600401,0.00026534384,0.619,-0.207,35.15,0.432,-155.669,0.596,-302.383,0.587,-190.819,0.715,-337.533,0.221,-146.713,0.136,0.087,-2.315,-0.385,-4.497,-1.172,-1.864,-0.471,-3.296,-1.308,-1.433,-2.182,-0.804,0.34,0.389,0.899,0.909,0.057,-0.912,0.019,-3.499,2.354,0.115,3.692,-0.046,0.885,3.585,5.622,0.231,0.008,0.554,0.925
2018-08-29,CTD4,4180266,698264,0.0040537277,0.00647063,0.010886512,0.0036769626,0.0024246518,0.0006811966,0.0006630489,0.00026704482,0.6145,-0.254,62.688,0.275,-117.419,0.455,-257.886,0.495,-180.107,0.636,-320.574,0.205,-140.467,0.231,0.152,-1.278,-0.285,-2.807,-0.948,-1.165,-0.437,-2.074,-1.179,-0.909,-1.529,-0.724,0.21,0.278,0.81,0.834,0.072,-0.922,-0.065,-2.73,1.537,-0.292,2.331,0.166,1.023,2.586,3.922,0.346,-0.037,0.585,0.914
2018-08-29,CTD5,4179450,700268,0.009203662,0.016372485,0.024307076,0.0042057466,0.0025762834,0.0006912209,0.00067271496,0.00027071012,0.515,-0.195,19.938,0.591,-176.692,0.728,-327.078,0.705,-196.63,0.808,-347.016,0.24,-150.386,0.084,0.051,-4.295,-0.455,-7.95,-1.376,-3.219,-0.507,-5.682,-1.459,-2.462,-3.655,-1.17,0.453,0.484,1.061,1.056,0.04,-0.959,0.061,-5.542,3.787,0.576,6.182,-0.148,0.872,5.622,9.178,0.151,0.016,0.506,0.943
2018-08-29,CTD6,4176009,695829,0.0062688077,0.010458245,0.017088719,0.0047756,0.00308066,0.00084479817,0.00082423753,0.00033052615,0.877,-0.241,37.1,0.373,-113.779,0.545,-228.987,0.563,-150.88,0.695,-266.088,0.216,-115.208,0.177,0.114,-1.944,-0.351,-3.913,-1.094,-1.578,-0.465,-2.783,-1.271,-1.205,-1.969,-0.844,0.282,0.337,0.909,0.92,0.062,-0.938,-0.033,-3.357,2.01,-0.184,3.115,0.084,0.989,3.284,5.09,0.276,-0.015,0.553,0.922
2018-08-29,CTD7,4176724,690397,0.0052660992,0.009191881,0.01564219,0.0038870862,0.0024843875,0.0006839662,0.0006682786,0.00026990406,0.8734999999999999,-0.26,44.862,0.406,-148.47,0.574,-293.722,0.602,-193.332,0.726,-338.584,0.22,-145.252,0.174,0.111,-2.322,-0.369,-4.594,-1.142,-1.777,-0.48,-3.112,-1.316,-1.335,-2.272,-1.012,0.293,0.343,1.007,1.006,0.056,-0.977,-0.052,-3.931,2.206,-0.324,3.451,0.137,1.063,3.754,5.873,0.264,-0.022,0.527,0.928
2018-08-29,CTD8,4174178,693048,0.0066554234,0.011289389,0.02015318,0.0061426605,0.0040486217,0.0011198675,0.0010972085,0.00043993638,2.012,-0.282,38.959,0.295,-74.217,0.472,-158.419,0.533,-113.176,0.665,-197.378,0.205,-84.202,0.239,0.158,-1.496,-0.3,-3.193,-0.973,-1.278,-0.458,-2.228,-1.212,-0.951,-1.697,-0.87,0.213,0.275,0.913,0.924,0.067,-0.957,-0.099,-3.14,1.637,-0.492,2.484,0.268,1.126,2.922,4.434,0.343,-0.054,0.554,0.92
2018-08-29,CTD9,4171106,693183,0.012444002,0.020621644,0.040807918,0.017175315,0.012353091,0.0035309233,0.0034727762,0.0013545043,,-0.329,23.988,0.091,-9.73,0.251,-32.459,0.408,-33.718,0.535,-56.446,0.163,-22.728,0.412,0.296,-0.397,-0.12,-1.325,-0.557,-0.695,-0.417,-1.164,-0.969,-0.469,-0.927,-0.684,0.065,0.143,0.717,0.753,0.079,-0.885,-0.214,-2.103,0.898,-0.707,1.248,0.589,1.26,1.777,2.471,0.53,-0.178,0.615,0.917
2018-08-29,CTD10,4170388,695646,0.005374388,0.008794279,0.014567716,0.0046678996,0.0030486162,0.0008393263,0.0008184628,0.0003277282,0.7135,-0.247,45.065,0.307,-100.519,0.485,-214.307,0.515,-145.584,0.654,-259.373,0.21,-113.789,0.21,0.137,-1.464,-0.306,-3.122,-1.0,-1.28,-0.444,-2.281,-1.211,-1.001,-1.658,-0.748,0.234,0.299,0.836,0.856,0.069,-0.927,-0.049,-2.894,1.675,-0.236,2.564,0.125,1.003,2.774,4.248,0.322,-0.026,0.576,0.916
2018-08-29,CTD11,4169609,700351,0.006463378,0.010325019,0.01835937,0.007422536,0.0050753085,0.0014292636,0.00140104,0.00055825664,0.877,-0.28,42.384,0.164,-37.873,0.341,-100.18,0.424,-80.257,0.567,-142.564,0.188,-62.308,0.315,0.215,-0.695,-0.192,-1.839,-0.744,-0.829,-0.407,-1.472,-1.058,-0.643,-1.144,-0.643,0.124,0.204,0.71,0.749,0.082,-0.9,-0.121,-2.226,1.115,-0.439,1.63,0.316,1.094,1.982,2.899,0.442,-0.087,0.619,0.909
2018-08-29,CTD12,4173438,695414,0.0071803858,0.01238726,0.021729609,0.005965488,0.003873263,0.001059193,0.0010367534,0.00041528116,2.0535,-0.274,34.708,0.35,-86.903,0.524,-177.452,0.569,-121.611,0.697,-212.16,0.213,-90.549,0.207,0.134,-1.888,-0.337,-3.856,-1.059,-1.506,-0.471,-2.628,-1.266,-1.122,-1.968,-0.95,0.251,0.307,0.969,0.973,0.061,-0.97,-0.079,-3.534,1.898,-0.444,2.924,0.214,1.105,3.33,5.129,0.303,-0.038,0.538,0.924
2018-10-03,CTD1,4187246,695025,0.0053068665,0.00893677,0.014115509,0.003525633,0.002226334,0.0006032273,0.0005852993,0.00023451826,0.7915,-0.225,41.053,0.434,-171.74,0.601,-337.272,0.6,-212.793,0.728,-378.325,0.226,-165.532,0.145,0.091,-2.424,-0.382,-4.761,-1.189,-1.902,-0.474,-3.381,-1.334,-1.479,-2.337,-0.9,0.331,0.38,0.949,0.954,0.056,-0.95,0.002,-3.805,2.377,0.01,3.764,-0.004,0.948,3.755,5.946,0.237,0.001,0.541,0.926
2018-10-03,CTD2,4181518,693105,0.006637198,0.0100089405,0.01115906,0.002178363,0.0013134596,0.0003511071,0.00033571705,0.00013331253,0.5785,-0.054,10.297,0.643,-359.15,0.768,-661.437,0.673,-369.447,0.789,-671.735,0.248,-302.288,0.022,0.014,-4.008,-0.472,-7.381,-1.441,-3.698,-0.485,-6.723,-1.463,-3.026,-3.373,-0.329,0.628,0.652,0.793,0.808,0.041,-0.762,0.294,-3.901,4.477,2.498,7.425,-0.544,0.512,4.991,8.278,0.1,0.064,0.576,0.935
2018-10-03,CTD3,4181698,695238,0.008633186,0.012575625,0.011779782,0.0020059093,0.0011879513,0.000315938,0.00030105753,0.00011916487,0.5389999999999999,0.033,-5.372,0.725,-419.008,0.827,-762.266,0.709,-413.636,0.817,-756.894,0.256,-343.258,-0.011,-0.006,-4.936,-0.498,-8.979,-1.529,-5.202,-0.491,-9.518,-1.518,-4.317,-4.044,0.249,0.815,0.826,0.71,0.726,0.034,-0.621,0.475,-3.647,6.168,4.713,10.416,-0.752,0.344,5.778,9.757,0.059,0.076,0.599,0.941
2018-10-03,CTD4,4180266,698264,0.0075744446,0.0109834485,0.017394984,0.007653235,0.0052541327,0.0014954016,0.0014569715,0.0005798687,0.367,-0.226,33.558,0.179,-39.618,0.353,-99.28,0.389,-73.176,0.536,-132.839,0.186,-59.663,0.257,0.176,-0.689,-0.208,-1.727,-0.76,-0.804,-0.384,-1.459,-1.017,-0.655,-1.038,-0.497,0.147,0.229,0.6,0.651,0.085,-0.825,-0.055,-1.876,1.133,-0.182,1.65,0.127,0.897,1.795,2.614,0.395,-0.038,0.657,0.904
2018-10-03,CTD5,4179450,700268,0.012245323,0.019846357,0.024483483,0.0036388456,0.0021777502,0.0005795629,0.0005563722,0.00022218554,0.4775,-0.105,9.543,0.69,-224.425,0.802,-408.802,0.741,-233.969,0.837,-418.346,0.251,-184.377,0.035,0.021,-5.495,-0.489,-10.009,-1.488,-4.643,-0.51,-8.303,-1.522,-3.659,-4.514,-0.797,0.608,0.628,0.946,0.95,0.033,-0.86,0.212,-5.789,5.365,2.385,8.965,-0.437,0.635,6.619,11.059,0.094,0.039,0.53,0.948
2018-10-03,CTD6,4176009,695829,0.00808621,0.013154977,0.017874258,0.0035280827,0.0021744957,0.0005859199,0.00056538096,0.00022618922,1.5790000000000002,-0.152,20.07,0.577,-207.423,0.716,-383.86,0.67,-227.494,0.783,-403.93,0.237,-176.437,0.071,0.044,-3.708,-0.451,-6.861,-1.354,-2.993,-0.495,-5.314,-1.425,-2.321,-3.154,-0.828,0.48,0.513,0.936,0.941,0.044,-0.887,0.12,-4.491,3.607,0.983,5.852,-0.264,0.742,4.901,7.952,0.147,0.032,0.538,0.937
2018-10-03,CTD7,4176724,690397,0.0069935624,0.011015999,0.012165625,0.0019924543,0.0011853931,0.00031691467,0.00030296188,0.000120641984,0.6695,-0.05,8.578,0.694,-411.117,0.806,-752.825,0.719,-419.695,0.822,-761.403,0.254,-341.708,0.017,0.01,-5.001,-0.487,-9.159,-1.5,-4.623,-0.498,-8.388,-1.517,-3.764,-4.157,-0.362,0.676,0.694,0.834,0.844,0.035,-0.775,0.311,-4.734,5.431,3.187,9.129,-0.576,0.509,5.998,10.082,0.083,0.056,0.561,0.943
2018-10-03,CTD8,4174178,693048,0.010907383,0.01914698,0.03589046,0.009270257,0.0060137147,0.0016055775,0.0015643466,0.0006172522,1.5495,-0.304,24.365,0.348,-55.644,0.522,-114.059,0.589,-80.009,0.713,-138.424,0.213,-58.415,0.226,0.147,-1.997,-0.335,-4.094,-1.057,-1.532,-0.481,-2.65,-1.283,-1.118,-2.097,-1.095,0.236,0.291,1.058,1.051,0.059,-1.008,-0.115,-3.903,1.898,-0.688,2.926,0.333,1.226,3.557,5.484,0.317,-0.056,0.516,0.928
2018-10-03,CTD9,4171106,693183,0.014408818,0.023500761,0.044768184,0.01698891,0.011845154,0.0032689937,0.0031878722,0.0012340308,,-0.312,20.215,0.161,-16.31,0.33,-41.871,0.45,-36.525,0.582,-62.085,0.178,-25.561,0.343,0.239,-0.73,-0.193,-1.874,-0.711,-0.858,-0.433,-1.459,-1.055,-0.601,-1.144,-0.738,0.115,0.189,0.786,0.813,0.075,-0.909,-0.172,-2.396,1.119,-0.651,1.605,0.471,1.208,2.131,3.057,0.458,-0.125,0.593,0.917
2018-10-03,CTD10,4170388,695646,0.0073140585,0.0116162235,0.017614365,0.0047279866,0.0030259266,0.00082546455,0.000799722,0.00031933692,1.112,-0.205,29.315,0.421,-125.42,0.587,-244.391,0.577,-154.735,0.707,-273.705,0.22,-118.971,0.139,0.089,-2.209,-0.38,-4.305,-1.155,-1.797,-0.468,-3.179,-1.294,-1.382,-2.096,-0.774,0.334,0.384,0.88,0.893,0.058,-0.903,0.019,-3.364,2.285,0.113,3.57,-0.046,0.876,3.465,5.414,0.235,0.008,0.559,0.924
2018-10-03,CTD11,4169609,700351,0.0065427655,0.010633996,0.015695557,0.0039046742,0.0024630832,0.00066643674,0.0006449363,0.0002575484,1.104,-0.192,30.326,0.463,-162.065,0.624,-311.957,0.602,-192.391,0.729,-342.283,0.226,-149.892,0.118,0.075,-2.544,-0.399,-4.896,-1.218,-2.046,-0.474,-3.64,-1.337,-1.594,-2.353,-0.795,0.371,0.417,0.9,0.91,0.055,-0.908,0.047,-3.649,2.566,0.298,4.069,-0.109,0.845,3.788,6.005,0.21,0.017,0.552,0.926
2018-10-03,CTD12,4173438,695414,0.010716073,0.01806079,0.027075516,0.0050605605,0.003125838,0.0008338895,0.00080636586,0.0003217909,2.927,-0.2,18.435,0.562,-142.238,0.705,-264.546,0.685,-160.673,0.793,-282.98,0.236,-122.308,0.093,0.058,-3.851,-0.445,-7.163,-1.339,-2.902,-0.502,-5.111,-1.432,-2.209,-3.312,-1.101,0.43,0.465,1.039,1.036,0.043,-0.952,0.049,-5.093,3.453,0.428,5.591,-0.12,0.881,5.177,8.382,0.165,0.014,0.512,0.94
2018-11-07,CTD1,4187246,695025,0.005096606,0.008095247,0.013232977,0.004172324,0.0026976967,0.00073253945,0.00070812117,0.00028165005,111.6385,-0.241,47.96,0.32,-116.145,0.5,-247.157,0.521,-164.106,0.661,-295.118,0.215,-131.012,0.2,0.129,-1.537,-0.313,-3.271,-1.031,-1.328,-0.443,-2.389,-1.231,-1.061,-1.734,-0.748,0.246,0.31,0.839,0.859,0.069,-0.935,-0.035,-2.965,1.736,-0.171,2.686,0.088,0.988,2.838,4.39,0.312,-0.018,0.575,0.915
2018-11-07,CTD2,4181518,693105,0.0067328853,0.010938016,0.015005077,0.0029470155,0.0018013301,0.00048069135,0.00046184578,0.00018405811,0.995,-0.157,24.78,0.576,-247.902,0.717,-463.721,0.672,-272.682,0.786,-488.501,0.241,-215.819,0.073,0.045,-3.72,-0.447,-6.958,-1.367,-2.983,-0.491,-5.343,-1.44,-2.361,-3.238,-0.857,0.475,0.509,0.947,0.951,0.044,-0.907,0.118,-4.618,3.592,0.981,5.876,-0.264,0.761,4.927,8.061,0.149,0.032,0.535,0.936
2018-11-07,CTD3,4181698,695238,0.006107738,0.009643279,0.013328913,0.0031452458,0.001951362,0.0005225295,0.0005028766,0.00020006485,2.179,-0.16,28.674,0.508,-214.241,0.663,-408.763,0.618,-242.915,0.745,-437.438,0.234,-194.522,0.09,0.056,-2.856,-0.418,-5.448,-1.286,-2.343,-0.474,-4.218,-1.376,-1.876,-2.593,-0.723,0.425,0.467,0.878,0.89,0.052,-0.888,0.103,-3.765,2.92,0.704,4.706,-0.23,0.762,4.035,6.504,0.18,0.034,0.557,0.928
2018-11-07,CTD4,4180266,698264,0.005867106,0.008709253,0.010759495,0.0029633718,0.0018522514,0.00049934356,0.00047914972,0.00019006974,1.0305,-0.105,21.879,0.492,-222.633,0.649,-425.063,0.568,-244.512,0.706,-446.942,0.231,-202.43,0.065,0.041,-2.395,-0.412,-4.573,-1.26,-2.13,-0.453,-3.893,-1.324,-1.763,-2.178,-0.426,0.456,0.5,0.738,0.763,0.057,-0.79,0.184,-2.87,2.767,1.071,4.427,-0.364,0.61,3.418,5.469,0.168,0.063,0.6,0.919
2018-11-07,CTD5,4179450,700268,0.015923297,0.02448526,0.027997961,0.0040891934,0.0024255598,0.00063685596,0.00060794415,0.00024078946,0.4675,-0.067,5.124,0.714,-203.706,0.82,-371.435,0.745,-208.83,0.841,-376.559,0.255,-167.729,0.021,0.012,-5.703,-0.494,-10.399,-1.519,-5.113,-0.507,-9.22,-1.54,-4.107,-4.696,-0.539,0.67,0.687,0.888,0.895,0.032,-0.811,0.281,-5.555,5.901,3.248,9.949,-0.542,0.55,6.748,11.376,0.08,0.047,0.544,0.948
2018-11-07,CTD6,4176009,695829,0.009331358,0.015561307,0.022334078,0.004210125,0.0025772483,0.00068092026,0.0006559596,0.0002607497,1.1585,-0.179,19.487,0.574,-173.261,0.716,-323.749,0.683,-192.748,0.793,-343.236,0.241,-150.488,0.082,0.05,-3.87,-0.447,-7.231,-1.363,-2.999,-0.497,-5.341,-1.445,-2.342,-3.361,-0.998,0.456,0.489,0.999,0.999,0.043,-0.937,0.085,-4.97,3.581,0.733,5.849,-0.198,0.823,5.139,8.395,0.155,0.023,0.522,0.938
2018-11-07,CTD7,4176724,690397,0.004139715,0.0066589387,0.009308705,0.0022621194,0.0013958113,0.0003739469,0.0003600436,0.00014342855,0.4955,-0.166,42.748,0.493,-291.889,0.653,-566.255,0.609,-334.637,0.739,-609.003,0.237,-274.366,0.097,0.06,-2.717,-0.407,-5.271,-1.281,-2.228,-0.467,-4.055,-1.378,-1.827,-2.554,-0.724,0.411,0.455,0.875,0.887,0.054,-0.905,0.098,-3.725,2.794,0.656,4.528,-0.223,0.781,3.905,6.329,0.19,0.033,0.559,0.925
2018-11-07,CTD8,4174178,693048,0.018380232,0.028610159,0.04078751,0.007524583,0.00461984,0.0012054687,0.0011534439,0.00045268232,2.341,-0.175,10.435,0.584,-97.945,0.722,-181.505,0.689,-108.38,0.797,-191.94,0.239,-83.56,0.079,0.048,-3.995,-0.452,-7.403,-1.366,-3.101,-0.501,-5.491,-1.444,-2.391,-3.408,-1.003,0.464,0.497,1.001,1.001,0.042,-0.927,0.087,-5.027,3.689,0.772,6.008,-0.203,0.812,5.259,8.566,0.15,0.023,0.521,0.94
2018-11-07,CTD9,4171106,693183,0.011931878,0.020920329,0.041639786,0.013753065,0.009368252,0.002541008,0.002482645,0.0009673975,,-0.331,23.785,0.207,-24.911,0.381,-58.943,0.503,-48.696,0.633,-82.728,0.19,-34.032,0.327,0.223,-1.037,-0.233,-2.454,-0.811,-1.019,-0.456,-1.731,-1.138,-0.712,-1.417,-0.896,0.141,0.209,0.921,0.931,0.07,-0.966,-0.179,-2.924,1.296,-0.795,1.903,0.522,1.309,2.58,3.787,0.432,-0.118,0.554,0.921
2018-11-07,CTD10,4170388,695646,0.005046494,0.008036104,0.011208673,0.0025384035,0.0015633303,0.00041680006,0.0004007639,0.00015930097,1.488,-0.165,35.222,0.52,-269.51,0.674,-515.222,0.631,-304.732,0.755,-550.443,0.238,-245.712,0.089,0.055,-3.021,-0.421,-5.775,-1.308,-2.449,-0.476,-4.423,-1.397,-1.975,-2.754,-0.773,0.43,0.471,0.903,0.912,0.051,-0.907,0.101,-4.004,3.026,0.725,4.914,-0.229,0.779,4.221,6.854,0.176,0.032,0.549,0.929
2018-11-07,CTD11,4169609,700351,0.004400828,0.007607584,0.013400236,0.0036287482,0.0023094823,0.00061830325,0.0005994725,0.00023874814,1.194,-0.276,56.822,0.354,-144.129,0.534,-301.55,0.574,-200.952,0.706,-358.372,0.222,-157.42,0.206,0.131,-1.931,-0.333,-4.041,-1.094,-1.529,-0.464,-2.726,-1.3,-1.198,-2.109,-0.975,0.253,0.311,0.985,0.987,0.063,-1.004,-0.069,-3.706,1.924,-0.399,3.023,0.19,1.125,3.389,5.325,0.305,-0.033,0.535,0.923
2018-11-07,CTD12,4173438,695414,0.0077448497,0.012700067,0.01576859,0.0024629342,0.0014686411,0.00038971592,0.0003729964,0.00014854415,1.092,-0.108,15.323,0.675,-327.28,0.793,-602.162,0.73,-342.603,0.83,-617.484,0.253,-274.882,0.038,0.023,-5.161,-0.481,-9.495,-1.483,-4.351,-0.503,-7.842,-1.521,-3.491,-4.334,-0.78,0.594,0.616,0.939,0.943,0.035,-0.872,0.209,-5.58,5.063,2.245,8.491,-0.435,0.645,6.287,10.543,0.101,0.041,0.533,0.945
2019-03-12,CTD1,4187246,695025,0.004571355,0.007635626,0.014622315,0.004933103,0.00330811,0.00093350146,0.00091393886,0.0003681479,0.8174999999999999,-0.314,62.576,0.215,-71.747,0.395,-171.322,0.495,-134.324,0.631,-233.899,0.197,-99.575,0.309,0.207,-1.049,-0.237,-2.505,-0.845,-1.026,-0.444,-1.786,-1.154,-0.76,-1.456,-0.848,0.151,0.221,0.885,0.9,0.073,-0.969,-0.148,-2.872,1.322,-0.656,1.971,0.424,1.244,2.531,3.774,0.42,-0.096,0.565,0.917
2019-03-12,CTD2,4181518,693105,0.010276292,0.015971776,0.016218208,0.002316729,0.0013641011,0.00036353734,0.00034743964,0.00013832857,1.29,-0.008,0.951,0.747,-369.033,0.843,-670.473,0.75,-369.984,0.845,-671.424,0.259,-301.44,0.002,0.001,-5.985,-0.503,-10.874,-1.553,-5.909,-0.505,-10.724,-1.556,-4.815,-4.889,-0.067,0.777,0.788,0.802,0.812,0.03,-0.714,0.396,-4.995,6.81,4.708,11.566,-0.683,0.427,6.915,11.744,0.061,0.057,0.568,0.949
2019-03-12,CTD3,4181698,695238,0.01060624,0.016744157,0.023549726,0.0054003685,0.003391663,0.0009114259,0.0008805939,0.00035003116,1.083,-0.169,17.259,0.512,-125.45,0.663,-235.118,0.627,-142.709,0.748,-252.377,0.228,-109.668,0.093,0.059,-2.954,-0.425,-5.537,-1.27,-2.39,-0.484,-4.226,-1.363,-1.836,-2.583,-0.774,0.421,0.461,0.901,0.91,0.05,-0.881,0.083,-3.843,2.957,0.576,4.708,-0.186,0.778,4.158,6.621,0.179,0.027,0.55,0.931
2019-03-12,CTD4,4180266,698264,0.0057510682,0.008292796,0.008595217,0.0018820417,0.0011342781,0.0003041259,0.0002910472,0.00011551063,0.7204999999999999,-0.018,4.243,0.63,-410.751,0.759,-761.031,0.641,-414.994,0.767,-765.274,0.248,-350.28,0.008,0.005,-3.53,-0.466,-6.541,-1.432,-3.441,-0.471,-6.346,-1.44,-2.905,-3.011,-0.1,0.659,0.683,0.712,0.733,0.044,-0.694,0.362,-3.171,4.274,2.744,7.092,-0.623,0.434,4.43,7.351,0.095,0.082,0.602,0.929
2019-03-12,CTD5,4179450,700268,0.0174518,0.028195875,0.03381266,0.0041492274,0.0024319254,0.00063996,0.00061349105,0.0002447168,0.56,-0.091,5.891,0.743,-205.543,0.841,-375.731,0.781,-211.434,0.866,-381.622,0.261,-170.188,0.024,0.014,-6.95,-0.5,-12.704,-1.559,-5.962,-0.514,-10.76,-1.583,-4.799,-5.755,-0.853,0.663,0.679,0.969,0.97,0.028,-0.872,0.248,-7.108,6.724,3.445,11.471,-0.507,0.613,8.063,13.757,0.075,0.036,0.522,0.955
2019-03-12,CTD6,4176009,695829,0.009757416,0.015630595,0.01763051,0.0025620493,0.0015207715,0.0004065324,0.00038927252,0.00015553931,1.045,-0.06,7.257,0.718,-326.335,0.823,-593.584,0.746,-333.593,0.841,-600.841,0.255,-267.248,0.019,0.011,-5.753,-0.496,-10.465,-1.521,-5.214,-0.507,-9.392,-1.539,-4.177,-4.712,-0.49,0.682,0.699,0.879,0.886,0.031,-0.798,0.293,-5.492,6.015,3.397,10.133,-0.557,0.534,6.784,11.429,0.078,0.048,0.547,0.948
2019-03-12,CTD7,4176724,690397,0.0063966024,0.009550867,0.010907246,0.002421124,0.001483803,0.000402216,0.0003861438,0.00015404823,1.1364999999999998,-0.066,13.02,0.596,-308.329,0.731,-569.241,0.637,-321.349,0.761,-582.262,0.24,-260.913,0.032,0.019,-3.363,-0.457,-6.209,-1.378,-3.069,-0.477,-5.561,-1.41,-2.492,-2.846,-0.347,0.575,0.605,0.769,0.787,0.046,-0.756,0.263,-3.406,3.809,1.932,6.215,-0.49,0.529,4.35,7.097,0.117,0.067,0.585,0.93
2019-03-12,CTD8,4174178,693048,0.009000311,0.013634796,0.018187197,0.0049604,0.0031469055,0.00084927015,0.0008181244,0.00032426335,0.8345,-0.143,18.358,0.466,-128.255,0.625,-244.431,0.571,-146.613,0.705,-262.789,0.224,-116.176,0.091,0.058,-2.333,-0.404,-4.446,-1.212,-1.999,-0.461,-3.583,-1.304,-1.584,-2.113,-0.562,0.407,0.453,0.788,0.809,0.057,-0.827,0.115,-3.031,2.576,0.666,4.06,-0.242,0.699,3.436,5.416,0.191,0.042,0.584,0.922
2019-03-12,CTD9,4171106,693183,0.019120088,0.028909972,0.05309714,0.025689935,0.018816242,0.005369848,0.0052309544,0.0020018087,0.341,-0.295,15.757,0.059,-4.336,0.211,-18.555,0.348,-20.092,0.477,-34.312,0.154,-14.22,0.405,0.296,-0.23,-0.082,-0.985,-0.477,-0.581,-0.378,-0.992,-0.881,-0.411,-0.755,-0.543,0.045,0.128,0.574,0.628,0.084,-0.821,-0.188,-1.697,0.771,-0.53,1.053,0.471,1.104,1.416,1.933,0.534,-0.167,0.666,0.913
2019-03-12,CTD10,4170388,695646,0.0051982948,0.008325729,0.012603094,0.003650239,0.0023303207,0.0006342811,0.0006137444,0.00024513394,0.7755000000000001,-0.204,40.764,0.39,-153.845,0.563,-309.016,0.551,-194.609,0.688,-349.78,0.221,-155.171,0.149,0.095,-1.939,-0.359,-3.895,-1.128,-1.62,-0.454,-2.912,-1.277,-1.292,-1.956,-0.715,0.313,0.369,0.84,0.858,0.063,-0.906,0.022,-3.127,2.096,0.12,3.283,-0.053,0.875,3.173,4.97,0.254,0.01,0.572,0.919
2019-03-12,CTD11,4169609,700351,0.005726363,0.009183549,0.010436637,0.001594616,0.0009328469,0.00024546584,0.0002328973,9.2035e-05,0.8445,-0.064,13.074,0.704,-518.22,0.816,-963.097,0.735,-531.294,0.836,-976.171,0.262,-444.877,0.021,0.012,-5.408,-0.483,-10.051,-1.536,-4.879,-0.496,-8.965,-1.557,-4.086,-4.643,-0.496,0.667,0.686,0.874,0.882,0.034,-0.829,0.295,-5.429,5.67,3.3,9.692,-0.573,0.551,6.443,11.014,0.084,0.051,0.549,0.945
2019-03-12,CTD12,4173438,695414,0.01279234,0.020797301,0.027421579,0.0044517517,0.002694669,0.0007163598,0.0006893331,0.00027489374,0.9095,-0.137,11.616,0.647,-176.548,0.771,-323.02,0.721,-188.163,0.821,-334.635,0.246,-146.472,0.052,0.031,-4.841,-0.476,-8.858,-1.438,-3.913,-0.507,-6.96,-1.49,-3.046,-4.017,-0.927,0.543,0.568,0.978,0.979,0.036,-0.894,0.153,-5.505,4.573,1.558,7.556,-0.334,0.713,6.03,9.962,0.116,0.033,0.524,0.945
2019-06-25,CTD1,4187246,695025,0.0060666865,0.0113360705,0.021916643,0.006480728,0.004336667,0.0012161685,0.0012050057,0.00048689585,1.136,-0.318,42.587,0.273,-66.09,0.447,-142.378,0.544,-108.676,0.67,-184.964,0.198,-76.288,0.276,0.185,-1.448,-0.287,-3.12,-0.923,-1.232,-0.471,-2.097,-1.199,-0.865,-1.672,-0.978,0.185,0.246,0.985,0.987,0.064,-0.977,-0.152,-3.305,1.551,-0.768,2.318,0.439,1.264,2.999,4.482,0.374,-0.087,0.536,0.924
2019-06-25,CTD2,4181518,693105,0.0058707115,0.010245188,0.021639787,0.009872721,0.0074169394,0.0022805892,0.0022829445,0.0009221986,1.4415,-0.357,51.396,0.019,-3.682,0.16,-37.22,0.373,-55.078,0.489,-88.615,0.142,-33.537,0.507,0.381,-0.08,-0.027,-0.805,-0.367,-0.564,-0.409,-0.908,-0.875,-0.344,-0.726,-0.659,0.013,0.09,0.666,0.707,0.077,-0.858,-0.278,-1.88,0.695,-0.811,0.925,0.781,1.361,1.468,1.954,0.621,-0.268,0.631,0.922
2019-06-25,CTD3,4181698,695238,0.005369419,0.009559497,0.01909673,0.0069141216,0.0048033227,0.0013888981,0.0013780007,0.0005575645,1.365,-0.333,52.243,0.161,-40.024,0.331,-103.581,0.468,-92.267,0.598,-155.824,0.18,-63.558,0.361,0.251,-0.764,-0.192,-1.978,-0.716,-0.882,-0.443,-1.49,-1.077,-0.608,-1.214,-0.814,0.111,0.183,0.848,0.868,0.074,-0.939,-0.194,-2.593,1.131,-0.772,1.628,0.558,1.303,2.26,3.252,0.472,-0.14,0.575,0.919
2019-06-25,CTD4,4180266,698264,0.0061039953,0.010912128,0.02002674,0.005800941,0.003853274,0.0010821123,0.0010674471,0.00043168885,1.209,-0.295,41.708,0.306,-80.745,0.478,-167.878,0.551,-122.453,0.677,-209.586,0.202,-87.134,0.242,0.161,-1.617,-0.311,-3.362,-0.974,-1.336,-0.472,-2.287,-1.216,-0.951,-1.745,-0.944,0.214,0.273,0.963,0.968,0.063,-0.961,-0.119,-3.316,1.689,-0.62,2.542,0.33,1.171,3.099,4.666,0.339,-0.063,0.54,0.925
2019-06-25,CTD5,4179450,700268,0.013885308,0.025035035,0.034337766,0.0057319915,0.0034927768,0.00093350146,0.00091771915,0.0003698676,0.5075000000000001,-0.157,10.822,0.627,-134.515,0.755,-246.361,0.714,-145.337,0.815,-257.183,0.243,-111.846,0.062,0.038,-4.619,-0.47,-8.459,-1.412,-3.639,-0.508,-6.439,-1.474,-2.8,-3.841,-1.008,0.51,0.538,1.003,1.003,0.038,-0.912,0.12,-5.463,4.266,1.177,7.001,-0.27,0.762,5.851,9.602,0.127,0.027,0.518,0.944
2019-06-25,CTD6,4176009,695829,0.0047823708,0.008531066,0.017749313,0.006256354,0.004407137,0.0013024465,0.0012940418,0.00052656536,1.7045,-0.351,60.878,0.154,-42.619,0.319,-109.686,0.479,-103.497,0.602,-170.564,0.173,-67.067,0.381,0.268,-0.756,-0.188,-1.947,-0.686,-0.883,-0.456,-1.455,-1.067,-0.572,-1.19,-0.864,0.103,0.172,0.888,0.902,0.07,-0.939,-0.224,-2.664,1.115,-0.901,1.583,0.661,1.376,2.32,3.294,0.485,-0.164,0.563,0.923
2019-06-25,CTD7,4176724,690397,0.005147205,0.009084106,0.017363079,0.0058766673,0.004007054,0.0011463503,0.0011333175,0.00045918502,1.8265,-0.313,52.489,0.214,-60.082,0.388,-139.478,0.494,-112.571,0.625,-191.966,0.189,-79.395,0.308,0.21,-1.043,-0.241,-2.422,-0.82,-1.023,-0.451,-1.744,-1.128,-0.721,-1.379,-0.838,0.15,0.218,0.877,0.893,0.071,-0.943,-0.159,-2.787,1.315,-0.688,1.929,0.445,1.23,2.513,3.686,0.416,-0.103,0.566,0.92
2019-06-25,CTD8,4174178,693048,0.005561379,0.010205476,0.0187136,0.0051025646,0.003357752,0.0009426305,0.00093145494,0.0003784228,1.4135,-0.294,44.55,0.333,-97.993,0.505,-199.832,0.572,-142.543,0.696,-244.381,0.206,-101.838,0.227,0.15,-1.834,-0.329,-3.74,-1.02,-1.455,-0.479,-2.494,-1.247,-1.039,-1.906,-1.006,0.231,0.288,1.004,1.003,0.06,-0.974,-0.113,-3.573,1.821,-0.628,2.767,0.314,1.176,3.338,5.073,0.321,-0.056,0.529,0.927
2019-06-25,CTD9,4171106,693183,0.010164281,0.01914194,0.042482138,0.015741192,0.011492348,0.0033276523,0.0033016389,0.0012981527,1.222,-0.379,28.702,0.097,-11.286,0.25,-34.773,0.459,-39.988,0.574,-63.475,0.156,-23.487,0.452,0.33,-0.479,-0.13,-1.477,-0.547,-0.765,-0.46,-1.215,-0.999,-0.45,-0.998,-0.857,0.063,0.131,0.873,0.888,0.069,-0.919,-0.279,-2.481,0.946,-1.033,1.295,0.85,1.489,2.098,2.874,0.552,-0.23,0.566,0.927
2019-06-25,CTD10,4170388,695646,0.0053068665,0.009585428,0.02000273,0.007171531,0.00505517,0.0014847744,0.0014770579,0.0005990333,1.347,-0.352,54.332,0.144,-35.115,0.309,-93.492,0.472,-89.447,0.597,-147.824,0.173,-58.377,0.39,0.275,-0.702,-0.178,-1.87,-0.67,-0.857,-0.452,-1.417,-1.06,-0.56,-1.168,-0.852,0.096,0.167,0.876,0.892,0.072,-0.939,-0.226,-2.62,1.084,-0.893,1.538,0.668,1.382,2.262,3.209,0.495,-0.169,0.566,0.922
2019-06-25,CTD11,4169609,700351,0.0044076336,0.0075657032,0.015676131,0.007126058,0.0052314764,0.0015792258,0.0015725109,0.0006372718,1.5895,-0.349,68.384,0.03,-8.155,0.182,-58.975,0.375,-76.539,0.5,-127.359,0.153,-50.821,0.487,0.358,-0.128,-0.043,-0.925,-0.42,-0.579,-0.4,-0.964,-0.908,-0.384,-0.797,-0.656,0.021,0.102,0.668,0.711,0.082,-0.88,-0.252,-1.935,0.728,-0.754,0.992,0.71,1.338,1.508,2.055,0.608,-0.237,0.632,0.917
2019-06-25,CTD12,4173438,695414,0.0050278264,0.009141996,0.017619746,0.0052179866,0.0034979722,0.000996435,0.0009855785,0.0004009893,1.454,-0.317,52.631,0.273,-82.259,0.447,-176.495,0.543,-134.89,0.669,-229.125,0.197,-94.235,0.275,0.184,-1.449,-0.288,-3.11,-0.921,-1.233,-0.472,-2.095,-1.196,-0.861,-1.66,-0.973,0.186,0.247,0.981,0.983,0.064,-0.973,-0.152,-3.285,1.553,-0.763,2.317,0.436,1.257,2.994,4.466,0.372,-0.086,0.537,0.925
2019-07-10,CTD1,4187246,695025,0.006661509,0.011423203,0.020401971,0.0062415083,0.004128405,0.0011472742,0.0011272987,0.0004530624,0.993,-0.282,38.526,0.293,-72.677,0.469,-154.683,0.531,-111.203,0.663,-193.209,0.204,-82.007,0.24,0.159,-1.483,-0.3,-3.156,-0.965,-1.27,-0.459,-2.207,-1.206,-0.937,-1.673,-0.866,0.211,0.274,0.911,0.921,0.066,-0.952,-0.102,-3.112,1.628,-0.502,2.461,0.274,1.125,2.907,4.395,0.344,-0.055,0.555,0.921
2019-07-10,CTD2,4181518,693105,0.0066981292,0.011636701,0.019811537,0.0053689475,0.003494075,0.0009689725,0.0009516495,0.0003840692,0.993,-0.26,35.459,0.369,-100.321,0.538,-200.264,0.574,-135.781,0.7,-235.723,0.212,-99.943,0.19,0.124,-1.988,-0.351,-3.968,-1.075,-1.58,-0.474,-2.743,-1.266,-1.163,-1.98,-0.922,0.269,0.323,0.955,0.96,0.06,-0.949,-0.063,-3.503,1.991,-0.36,3.059,0.166,1.052,3.39,5.209,0.285,-0.029,0.541,0.926
2019-07-10,CTD3,4181698,695238,0.0064024683,0.010857291,0.021308834,0.008566332,0.0060521676,0.0017591539,0.0017413532,0.00069917954,1.072,-0.325,45.175,0.118,-24.632,0.284,-73.126,0.427,-69.807,0.558,-118.301,0.172,-48.494,0.387,0.273,-0.525,-0.149,-1.558,-0.626,-0.758,-0.422,-1.284,-1.013,-0.527,-1.033,-0.715,0.084,0.161,0.754,0.785,0.078,-0.906,-0.197,-2.253,0.983,-0.694,1.392,0.547,1.256,1.93,2.732,0.505,-0.155,0.604,0.916
2019-07-10,CTD4,4180266,698264,0.0072108684,0.011933594,0.018855782,0.005151986,0.0033316014,0.00091997004,0.00089934043,0.0003614992,1.212,-0.225,30.763,0.397,-110.303,0.564,-216.359,0.571,-141.066,0.7,-247.122,0.215,-106.056,0.158,0.102,-2.08,-0.367,-4.08,-1.115,-1.683,-0.47,-2.949,-1.273,-1.266,-2.0,-0.816,0.306,0.358,0.898,0.909,0.059,-0.914,-0.014,-3.343,2.14,-0.078,3.309,0.034,0.933,3.381,5.228,0.255,-0.006,0.555,0.924
2019-07-10,CTD6,4176009,695829,0.008806001,0.01593212,0.023971207,0.004573601,0.002842795,0.0007732031,0.0007581568,0.0003068174,1.024,-0.201,21.05,0.554,-155.88,0.697,-289.0,0.68,-176.929,0.788,-310.05,0.233,-133.12,0.096,0.06,-3.737,-0.443,-6.928,-1.322,-2.819,-0.503,-4.94,-1.418,-2.121,-3.191,-1.084,0.424,0.459,1.033,1.03,0.043,-0.944,0.043,-4.949,3.365,0.363,5.414,-0.104,0.883,5.063,8.145,0.168,0.012,0.514,0.939
2019-07-10,CTD7,4176724,690397,0.0077588144,0.013807026,0.020341054,0.003951047,0.002458476,0.00067268306,0.0006586771,0.00026704482,1.054,-0.191,23.265,0.555,-180.671,0.698,-334.329,0.675,-203.936,0.784,-357.594,0.233,-153.659,0.092,0.057,-3.675,-0.444,-6.801,-1.321,-2.816,-0.501,-4.937,-1.413,-2.122,-3.126,-1.019,0.432,0.467,1.008,1.007,0.044,-0.928,0.057,-4.779,3.374,0.468,5.422,-0.134,0.851,4.97,7.988,0.165,0.016,0.52,0.939
2019-07-10,CTD8,4174178,693048,0.008658792,0.016073462,0.026679793,0.005389259,0.0033853587,0.0009169893,0.0009004552,0.00036349692,1.203,-0.248,24.733,0.498,-123.34,0.652,-233.175,0.664,-148.073,0.775,-257.908,0.228,-109.835,0.133,0.084,-3.291,-0.418,-6.221,-1.257,-2.38,-0.501,-4.145,-1.39,-1.765,-2.93,-1.209,0.355,0.396,1.094,1.085,0.047,-0.989,-0.026,-4.898,2.856,-0.203,4.546,0.068,1.032,4.74,7.546,0.208,-0.009,0.502,0.938
2019-07-10,CTD9,4171106,693183,0.010374385,0.019415453,0.04317619,0.01637299,0.011996646,0.003477982,0.0034505448,0.0013545043,1.529,-0.38,28.344,0.085,-9.571,0.236,-31.851,0.45,-37.915,0.565,-60.196,0.154,-22.28,0.464,0.34,-0.413,-0.115,-1.375,-0.522,-0.736,-0.455,-1.169,-0.986,-0.433,-0.962,-0.838,0.055,0.125,0.853,0.871,0.07,-0.915,-0.283,-2.413,0.908,-1.019,1.239,0.859,1.491,2.019,2.756,0.565,-0.239,0.572,0.927
2019-07-10,CTD10,4170388,695646,0.0049783774,0.009045699,0.019381149,0.0069537186,0.0049019605,0.0014412401,0.0014348194,0.00058322365,1.512,-0.364,58.953,0.131,-33.258,0.297,-93.45,0.472,-92.211,0.596,-152.403,0.173,-60.192,0.41,0.289,-0.645,-0.163,-1.811,-0.65,-0.834,-0.452,-1.379,-1.06,-0.544,-1.167,-0.872,0.086,0.157,0.891,0.905,0.072,-0.952,-0.238,-2.653,1.048,-0.942,1.487,0.724,1.438,2.245,3.185,0.516,-0.183,0.563,0.922
2019-07-10,CTD11,4169609,700351,0.007817241,0.013429647,0.026035111,0.00928224,0.0063697645,0.0017965847,0.0017712617,0.00070714083,0.837,-0.319,36.052,0.183,-33.27,0.357,-82.53,0.474,-69.323,0.607,-118.582,0.186,-49.259,0.335,0.23,-0.866,-0.212,-2.149,-0.766,-0.931,-0.442,-1.593,-1.101,-0.662,-1.282,-0.805,0.128,0.2,0.846,0.866,0.074,-0.941,-0.17,-2.64,1.202,-0.696,1.752,0.481,1.252,2.331,3.396,0.447,-0.118,0.575,0.918
2019-07-10,CTD12,4173438,695414,0.0067781094,0.012194141,0.022591619,0.0062861415,0.0041405736,0.001150513,0.0011337817,0.0004572634,1.384,-0.299,37.742,0.32,-77.074,0.493,-159.506,0.565,-114.816,0.69,-197.248,0.206,-82.432,0.237,0.156,-1.741,-0.319,-3.603,-1.003,-1.4,-0.475,-2.405,-1.24,-1.005,-1.862,-0.997,0.221,0.279,0.998,0.998,0.062,-0.978,-0.119,-3.516,1.757,-0.649,2.667,0.334,1.194,3.254,4.941,0.332,-0.061,0.531,0.926
2019-07-30,CTD1,4187246,695025,0.0055511133,0.009519284,0.01965733,0.008088016,0.0059500984,0.0018064048,0.0017959441,0.00072651845,0.6445000000000001,-0.347,54.178,0.081,-18.59,0.231,-63.015,0.417,-72.768,0.535,-117.193,0.152,-44.425,0.438,0.322,-0.365,-0.111,-1.239,-0.51,-0.693,-0.433,-1.116,-0.948,-0.423,-0.873,-0.722,0.056,0.129,0.748,0.778,0.073,-0.875,-0.251,-2.127,0.874,-0.831,1.188,0.706,1.329,1.805,2.454,0.547,-0.214,0.603,0.923
2019-07-30,CTD2,4181518,693105,0.008697324,0.014798118,0.024767838,0.006764572,0.0044006873,0.001208378,0.0011845119,0.00047463467,1.569,-0.252,27.201,0.373,-80.253,0.542,-159.661,0.571,-107.454,0.698,-186.862,0.212,-79.408,0.184,0.12,-1.988,-0.353,-3.954,-1.08,-1.59,-0.473,-2.765,-1.264,-1.175,-1.967,-0.893,0.275,0.33,0.938,0.945,0.06,-0.94,-0.053,-3.441,2.01,-0.299,3.09,0.137,1.023,3.364,5.171,0.279,-0.024,0.545,0.925
2019-07-30,CTD3,4181698,695238,0.01092293,0.014881443,0.022072427,0.011007561,0.007804499,0.0022685358,0.002207859,0.0008719247,1.2955,-0.195,21.892,0.15,-23.649,0.312,-60.933,0.334,-45.541,0.478,-82.826,0.17,-37.285,0.241,0.171,-0.522,-0.185,-1.345,-0.671,-0.678,-0.355,-1.233,-0.912,-0.555,-0.823,-0.382,0.13,0.214,0.488,0.551,0.087,-0.736,-0.035,-1.476,0.998,-0.098,1.408,0.073,0.774,1.481,2.088,0.386,-0.026,0.701,0.903
2019-07-30,CTD4,4180266,698264,0.0,0.0,0.0,0.0,0.0,0.0,0.0,0.0,1.0565,,,,,,,,,,,,,,,,,,,,,,,,,,,,,,,,,,,,,,,,,,,,
2019-07-30,CTD5,4179450,700268,0.009521529,0.01585742,0.022591619,0.0047394377,0.0029721404,0.0008121603,0.0007914935,0.0003187941,0.625,-0.175,18.798,0.54,-147.934,0.684,-273.396,0.653,-166.731,0.767,-292.194,0.229,-125.462,0.089,0.056,-3.342,-0.44,-6.176,-1.296,-2.644,-0.496,-4.633,-1.385,-1.99,-2.834,-0.873,0.435,0.471,0.948,0.953,0.046,-0.893,0.075,-4.255,3.214,0.569,5.126,-0.17,0.798,4.579,7.302,0.167,0.022,0.536,0.935
2019-07-30,CTD6,4176009,695829,0.008622961,0.015116709,0.028839456,0.009092075,0.006101612,0.0016870504,0.001660271,0.00066163513,2.2905,-0.312,31.477,0.249,-43.834,0.425,-97.739,0.521,-75.311,0.651,-129.216,0.197,-53.905,0.286,0.192,-1.264,-0.267,-2.819,-0.889,-1.138,-0.46,-1.953,-1.175,-0.815,-1.555,-0.903,0.172,0.238,0.931,0.939,0.068,-0.966,-0.147,-3.064,1.451,-0.694,2.162,0.418,1.237,2.768,4.125,0.39,-0.088,0.551,0.921
2019-07-30,CTD7,4176724,690397,0.008697324,0.014415471,0.025909115,0.009219478,0.00623005,0.0017264718,0.0016943063,0.000672486,1.5485,-0.285,30.773,0.22,-39.096,0.396,-91.142,0.475,-69.87,0.612,-121.916,0.193,-52.046,0.284,0.192,-1.013,-0.244,-2.361,-0.84,-1.007,-0.435,-1.757,-1.124,-0.75,-1.348,-0.744,0.162,0.233,0.808,0.833,0.074,-0.923,-0.119,-2.595,1.323,-0.496,1.958,0.317,1.122,2.378,3.519,0.399,-0.076,0.586,0.915
2019-07-30,CTD8,4174178,693048,0.009998147,0.019192385,0.03717216,0.00834201,0.0053514005,0.0014247254,0.0013982113,0.00055664283,2.6145,-0.319,25.202,0.394,-67.771,0.564,-134.763,0.633,-92.973,0.748,-159.965,0.218,-66.992,0.21,0.135,-2.519,-0.363,-5.009,-1.124,-1.784,-0.498,-3.07,-1.334,-1.286,-2.49,-1.313,0.255,0.304,1.175,1.156,0.053,-1.043,-0.125,-4.646,2.157,-0.87,3.362,0.378,1.295,4.177,6.512,0.291,-0.054,0.489,0.934
2019-07-30,CTD9,4171106,693183,0.012638167,0.02139014,0.04395183,0.019322447,0.014430702,0.004249314,0.0041977367,0.0016356796,1.814,-0.345,23.998,0.051,-5.003,0.194,-22.546,0.389,-29.001,0.506,-46.545,0.145,-17.543,0.464,0.346,-0.22,-0.072,-0.991,-0.436,-0.62,-0.419,-0.996,-0.899,-0.375,-0.771,-0.668,0.035,0.11,0.688,0.725,0.075,-0.852,-0.26,-1.939,0.779,-0.792,1.043,0.716,1.308,1.6,2.142,0.575,-0.235,0.623,0.923
2019-07-30,CTD10,4170388,695646,0.007579006,0.013460452,0.023481201,0.0058327154,0.0037645176,0.001035485,0.0010164852,0.00040971444,1.1845,-0.271,31.704,0.395,-97.155,0.563,-191.347,0.602,-128.859,0.724,-223.051,0.215,-94.192,0.185,0.119,-2.281,-0.366,-4.493,-1.116,-1.735,-0.485,-3.002,-1.301,-1.268,-2.212,-1.044,0.28,0.331,1.025,1.022,0.056,-0.976,-0.072,-3.93,2.147,-0.45,3.327,0.195,1.099,3.746,5.804,0.273,-0.031,0.522,0.929
2019-07-30,CTD11,4169609,700351,0.006710377,0.011239555,0.021923117,0.008922574,0.006318448,0.0018397243,0.0018187789,0.0007294506,0.9795,-0.322,43.358,0.115,-23.104,0.28,-69.295,0.421,-66.461,0.553,-112.653,0.171,-46.191,0.387,0.274,-0.507,-0.146,-1.519,-0.618,-0.747,-0.42,-1.266,-1.005,-0.519,-1.013,-0.701,0.082,0.16,0.74,0.774,0.079,-0.899,-0.195,-2.21,0.971,-0.678,1.372,0.538,1.242,1.895,2.676,0.506,-0.155,0.608,0.916
2019-07-30,CTD12,4173438,695414,0.008420661,0.014994514,0.024342276,0.0052902335,0.0033515077,0.0009166174,0.0008989691,0.0003628811,1.0165,-0.238,25.61,0.478,-122.337,0.635,-231.682,0.643,-147.947,0.758,-257.292,0.224,-109.346,0.135,0.086,-2.978,-0.41,-5.64,-1.226,-2.218,-0.496,-3.858,-1.361,-1.64,-2.662,-1.082,0.35,0.393,1.038,1.035,0.049,-0.962,-0.018,-4.429,2.697,-0.127,4.257,0.045,0.99,4.378,6.91,0.215,-0.006,0.516,0.935
2019-08-14,CTD1,4187246,695025,0.00670221,0.011870931,0.023590919,0.0078122187,0.005290184,0.001485363,0.001465802,0.00058828935,1.4175,-0.33,41.85,0.206,-43.765,0.383,-104.79,0.502,-85.615,0.634,-146.64,0.192,-61.025,0.327,0.221,-1.032,-0.232,-2.472,-0.819,-1.016,-0.453,-1.741,-1.146,-0.724,-1.44,-0.894,0.141,0.21,0.919,0.93,0.071,-0.974,-0.174,-2.94,1.295,-0.776,1.913,0.511,1.31,2.574,3.801,0.434,-0.114,0.555,0.92
2019-08-14,CTD2,4181518,693105,0.0073472704,0.012933337,0.025761489,0.008770024,0.0059733563,0.0016771585,0.0016556479,0.00066190446,2.5305,-0.332,38.502,0.192,-36.705,0.368,-90.091,0.492,-75.207,0.624,-128.592,0.19,-53.385,0.338,0.23,-0.946,-0.219,-2.321,-0.79,-0.973,-0.449,-1.663,-1.128,-0.69,-1.375,-0.87,0.131,0.202,0.899,0.912,0.072,-0.966,-0.179,-2.838,1.243,-0.772,1.825,0.524,1.311,2.476,3.635,0.446,-0.121,0.561,0.919
2019-08-14,CTD3,4181698,695238,0.0072787814,0.0116401175,0.020907264,0.008385918,0.005768917,0.0016329711,0.0016029928,0.0006385749,2.3705,-0.285,38.08,0.162,-33.338,0.337,-87.433,0.427,-71.417,0.567,-125.512,0.185,-54.095,0.319,0.22,-0.697,-0.192,-1.828,-0.733,-0.831,-0.412,-1.461,-1.053,-0.63,-1.131,-0.655,0.122,0.2,0.719,0.756,0.08,-0.897,-0.131,-2.236,1.112,-0.475,1.617,0.343,1.108,1.998,2.904,0.445,-0.095,0.615,0.911
2019-08-14,CTD4,4180266,698264,0.007365039,0.0129408,0.024739286,0.0075571956,0.0050351038,0.0013977757,0.0013757718,0.00055137044,2.5515,-0.313,36.853,0.263,-55.049,0.44,-121.331,0.532,-91.903,0.662,-158.184,0.2,-66.281,0.279,0.186,-1.362,-0.277,-3.002,-0.917,-1.189,-0.463,-2.047,-1.195,-0.858,-1.64,-0.937,0.181,0.245,0.956,0.961,0.067,-0.978,-0.143,-3.201,1.509,-0.703,2.265,0.411,1.245,2.885,4.329,0.38,-0.084,0.544,0.922
2019-08-14,CTD5,4179450,700268,0.0116672795,0.019624949,0.033785652,0.009285237,0.00605431,0.0016368271,0.0015991534,0.0006331181,1.7225,-0.265,21.357,0.358,-56.742,0.528,-114.216,0.569,-78.099,0.696,-135.573,0.211,-57.474,0.198,0.129,-1.917,-0.344,-3.859,-1.061,-1.533,-0.473,-2.661,-1.259,-1.128,-1.942,-0.923,0.26,0.315,0.954,0.959,0.06,-0.953,-0.071,-3.467,1.934,-0.397,2.967,0.188,1.07,3.33,5.107,0.294,-0.034,0.541,0.925
2019-08-14,CTD6,4176009,695829,0.011413754,0.017753353,0.030797213,0.012600411,0.0087075755,0.0024341347,0.00238101,0.00093450944,3.01,-0.269,23.857,0.17,-23.035,0.342,-58.515,0.419,-46.892,0.559,-82.372,0.183,-35.48,0.301,0.208,-0.709,-0.201,-1.802,-0.737,-0.832,-0.408,-1.462,-1.038,-0.63,-1.093,-0.612,0.13,0.208,0.688,0.728,0.08,-0.871,-0.115,-2.128,1.126,-0.405,1.63,0.288,1.044,1.954,2.827,0.427,-0.081,0.625,0.91
2019-08-14,CTD7,4176724,690397,0.009452254,0.017047878,0.032823414,0.009080299,0.0059691216,0.0016169933,0.0015876854,0.0006305344,4.99,-0.316,28.192,0.305,-51.47,0.481,-108.871,0.567,-79.662,0.692,-137.063,0.207,-57.4,0.256,0.168,-1.689,-0.307,-3.574,-0.989,-1.358,-0.476,-2.337,-1.245,-0.979,-1.884,-1.048,0.205,0.264,1.032,1.028,0.062,-1.002,-0.138,-3.621,1.696,-0.759,2.579,0.404,1.268,3.265,4.966,0.351,-0.073,0.524,0.926
2019-08-14,CTD8,4174178,693048,0.013437896,0.02485494,0.051285207,0.015298714,0.0102908835,0.002743362,0.002688882,0.0010460793,9.1465,-0.347,20.735,0.238,-25.132,0.414,-56.94,0.54,-45.866,0.666,-77.675,0.196,-31.808,0.317,0.213,-1.289,-0.259,-2.92,-0.871,-1.14,-0.472,-1.931,-1.188,-0.791,-1.631,-1.033,0.155,0.219,1.024,1.021,0.066,-1.002,-0.188,-3.359,1.424,-0.937,2.117,0.577,1.391,2.938,4.368,0.415,-0.116,0.527,0.925
2019-08-14,CTD9,4171106,693183,0.010907383,0.018766606,0.03973526,0.017826382,0.013335468,0.003959907,0.00392513,0.0015395572,2.681,-0.358,28.12,0.026,-2.81,0.169,-21.702,0.381,-30.93,0.497,-49.821,0.144,-18.891,0.501,0.375,-0.112,-0.037,-0.862,-0.387,-0.58,-0.412,-0.935,-0.888,-0.355,-0.751,-0.673,0.018,0.094,0.682,0.721,0.077,-0.864,-0.276,-1.927,0.717,-0.822,0.959,0.781,1.369,1.518,2.03,0.614,-0.262,0.626,0.922
2019-08-14,CTD10,4170388,695646,0.0066940514,0.011736111,0.022858262,0.007422536,0.0050006113,0.0014016762,0.0013819092,0.00055480376,2.4855,-0.322,41.459,0.225,-49.518,0.402,-114.768,0.51,-90.977,0.641,-156.228,0.195,-65.251,0.308,0.207,-1.132,-0.248,-2.623,-0.852,-1.068,-0.455,-1.834,-1.16,-0.766,-1.492,-0.895,0.155,0.222,0.922,0.932,0.07,-0.971,-0.16,-2.99,1.362,-0.733,2.022,0.463,1.274,2.653,3.939,0.414,-0.101,0.554,0.92
2019-08-14,CTD11,4169609,700351,0.0074141016,0.0120246,0.022737958,0.010037872,0.007079749,0.002029423,0.001999974,0.0007944296,2.587,-0.308,39.184,0.09,-16.46,0.259,-58.085,0.387,-55.643,0.525,-97.269,0.173,-41.625,0.393,0.277,-0.374,-0.117,-1.321,-0.583,-0.669,-0.394,-1.17,-0.976,-0.501,-0.946,-0.626,0.067,0.151,0.665,0.71,0.085,-0.889,-0.176,-2.014,0.887,-0.567,1.257,0.473,1.186,1.676,2.377,0.523,-0.147,0.635,0.91
2019-08-14,CTD12,4173438,695414,0.008313635,0.014012821,0.02564386,0.008630959,0.0057730274,0.0015885915,0.0015580928,0.00061877177,2.8225,-0.293,32.368,0.238,-44.499,0.416,-101.856,0.496,-76.866,0.632,-134.224,0.198,-57.357,0.279,0.187,-1.141,-0.257,-2.612,-0.879,-1.077,-0.444,-1.881,-1.158,-0.804,-1.471,-0.807,0.171,0.24,0.86,0.878,0.072,-0.949,-0.122,-2.818,1.398,-0.544,2.091,0.335,1.161,2.559,3.826,0.391,-0.075,0.571,0.917
2019-09-18,CTD1,4187246,695025,0.008088627,0.012873762,0.027382962,0.01936398,0.016153619,0.0054072062,0.0054358575,0.0021670314,12.997,-0.36,41.158,-0.201,26.035,-0.113,15.772,0.172,-15.123,0.258,-25.387,0.09,-10.263,0.797,0.665,0.713,0.421,0.432,0.305,-0.195,-0.244,-0.327,-0.492,-0.132,-0.281,-0.409,-0.149,-0.07,0.276,0.348,0.08,-0.729,-0.364,-1.03,0.075,-0.617,0.09,0.928,1.293,0.159,0.191,0.914,-0.548,0.801,0.931
2019-09-18,CTD2,4181518,693105,0.008769647,0.014431766,0.031768568,0.020410154,0.01660447,0.0053936006,0.0054099415,0.0021425623,7.842,-0.375,37.814,-0.172,20.296,-0.07,9.067,0.218,-17.518,0.313,-28.747,0.103,-11.23,0.772,0.628,0.645,0.337,0.288,0.185,-0.253,-0.291,-0.415,-0.587,-0.162,-0.357,-0.468,-0.124,-0.042,0.366,0.435,0.082,-0.775,-0.359,-1.206,0.184,-0.687,0.227,0.972,1.388,0.406,0.499,0.892,-0.508,0.754,0.927
2019-09-18,CTD3,4181698,695238,0.01929738,0.027434485,0.047482498,0.038408827,0.032620046,0.0112384455,0.011266248,0.004406853,7.435,-0.268,15.39,-0.167,10.415,-0.086,5.794,0.106,-4.975,0.186,-9.596,0.081,-4.62,0.591,0.502,0.495,0.34,0.275,0.223,-0.136,-0.162,-0.263,-0.369,-0.127,-0.219,-0.282,-0.137,-0.06,0.151,0.226,0.077,-0.6,-0.272,-0.741,0.027,-0.395,0.032,0.553,0.881,0.047,0.056,0.713,-0.38,0.879,0.933
2019-09-18,CTD4,4180266,698264,0.0073539293,0.0108058965,0.020901041,0.014598319,0.011680502,0.00379602,0.0037920342,0.0015172975,6.7675,-0.318,44.698,-0.149,24.041,-0.039,6.929,0.178,-20.657,0.283,-37.768,0.111,-17.112,0.653,0.522,0.502,0.281,0.145,0.101,-0.223,-0.241,-0.408,-0.551,-0.185,-0.358,-0.384,-0.116,-0.025,0.28,0.363,0.092,-0.733,-0.283,-1.049,0.181,-0.507,0.227,0.684,1.134,0.351,0.438,0.792,-0.382,0.801,0.918
2019-09-18,CTD5,4179450,700268,0.0,0.0,0.0,0.0,0.0,0.0,0.0,0.0,2.44,,,,,,,,,,,,,,,,,,,,,,,,,,,,,,,,,,,,,,,,,,,,
2019-09-18,CTD6,4176009,695829,0.009791509,0.013901704,0.024832176,0.015700595,0.011996646,0.00370384,0.0036585922,0.0014452385,6.638,-0.282,31.663,-0.061,8.242,0.074,-11.423,0.225,-23.422,0.349,-43.086,0.134,-19.665,0.497,0.38,0.205,0.099,-0.284,-0.179,-0.326,-0.281,-0.599,-0.676,-0.273,-0.488,-0.395,-0.049,0.047,0.353,0.434,0.096,-0.749,-0.204,-1.185,0.402,-0.423,0.527,0.478,1.022,0.719,0.941,0.646,-0.231,0.764,0.909
2019-09-18,CTD7,4176724,690397,0.007287586,0.011460239,0.024173684,0.017757593,0.014983399,0.005080756,0.0051123234,0.0020479742,5.8365,-0.357,45.891,-0.216,30.944,-0.133,20.518,0.153,-14.947,0.235,-25.373,0.085,-10.427,0.815,0.688,0.748,0.464,0.496,0.364,-0.171,-0.224,-0.291,-0.451,-0.119,-0.252,-0.388,-0.161,-0.084,0.243,0.315,0.078,-0.711,-0.37,-0.968,0.026,-0.596,0.03,0.924,1.266,0.054,0.064,0.93,-0.573,0.82,0.934
2019-09-18,CTD8,4174178,693048,0.0095856385,0.013650381,0.024433987,0.016965114,0.0133635225,0.0042607556,0.004236586,0.001681326,6.1715,-0.283,32.331,-0.108,14.314,0.011,-1.573,0.18,-18.018,0.293,-33.904,0.119,-15.886,0.549,0.432,0.35,0.191,-0.038,-0.027,-0.246,-0.241,-0.463,-0.575,-0.217,-0.388,-0.356,-0.088,0.007,0.276,0.362,0.095,-0.711,-0.229,-1.024,0.258,-0.419,0.327,0.52,1.002,0.461,0.586,0.696,-0.285,0.804,0.913
2019-09-18,CTD9,4171106,693183,0.0096951695,0.014756593,0.02951961,0.02075033,0.016772093,0.005443035,0.005442783,0.002153724,12.275,-0.333,33.891,-0.169,19.574,-0.064,8.143,0.174,-14.316,0.275,-25.747,0.106,-11.431,0.703,0.568,0.578,0.328,0.24,0.169,-0.211,-0.24,-0.38,-0.534,-0.169,-0.337,-0.393,-0.129,-0.04,0.278,0.359,0.09,-0.737,-0.308,-1.049,0.143,-0.543,0.177,0.763,1.192,0.286,0.354,0.838,-0.434,0.802,0.921
2019-09-18,CTD10,4170388,695646,0.0066028973,0.010084133,0.020826468,0.01420874,0.011463601,0.003750359,0.003756349,0.0015076037,7.0565,-0.348,51.15,-0.17,28.786,-0.064,11.933,0.189,-22.363,0.29,-39.217,0.107,-16.853,0.727,0.586,0.6,0.33,0.249,0.17,-0.226,-0.256,-0.395,-0.557,-0.17,-0.351,-0.418,-0.128,-0.039,0.307,0.385,0.089,-0.755,-0.323,-1.107,0.159,-0.586,0.197,0.826,1.258,0.329,0.408,0.859,-0.455,0.786,0.922
2019-09-18,CTD11,4169609,700351,0.0056476374,0.009216915,0.020857513,0.01385566,0.0114492485,0.003830218,0.003860156,0.0015582064,7.2375,-0.387,60.552,-0.201,36.324,-0.108,21.154,0.202,-24.228,0.291,-39.398,0.095,-15.169,0.839,0.693,0.758,0.416,0.441,0.293,-0.223,-0.277,-0.363,-0.546,-0.14,-0.316,-0.46,-0.144,-0.064,0.339,0.408,0.08,-0.768,-0.384,-1.157,0.116,-0.7,0.141,1.053,1.437,0.263,0.318,0.954,-0.578,0.767,0.931
2019-09-18,CTD12,4173438,695414,0.0077378755,0.012517415,0.02715213,0.02035112,0.017790575,0.006207377,0.006265037,0.0024997361,6.593500000000001,-0.369,43.059,-0.238,30.751,-0.174,23.679,0.143,-12.308,0.208,-19.38,0.067,-7.072,0.876,0.766,0.835,0.547,0.643,0.482,-0.154,-0.219,-0.243,-0.394,-0.089,-0.192,-0.384,-0.174,-0.111,0.224,0.285,0.065,-0.683,-0.413,-0.911,-0.04,-0.631,-0.046,1.025,1.295,-0.087,-0.1,0.971,-0.672,0.829,0.946
2019-09-28,CTD1,4187246,695025,0.017619092,0.02784252,0.053394362,0.023094779,0.016609112,0.0046605906,0.0045434493,0.0017416705,9.824,-0.315,17.188,0.093,-7.384,0.253,-24.292,0.396,-24.571,0.525,-41.479,0.163,-16.908,0.397,0.285,-0.394,-0.123,-1.297,-0.561,-0.684,-0.408,-1.155,-0.958,-0.471,-0.903,-0.644,0.068,0.147,0.682,0.722,0.08,-0.869,-0.198,-2.009,0.895,-0.636,1.244,0.527,1.199,1.715,2.385,0.518,-0.164,0.627,0.915
2019-09-28,CTD2,4181518,693105,0.0037358133,0.0056016203,0.008292374,0.0028606926,0.0018481228,0.0005141951,0.0004965263,0.00019913413,2.642,-0.194,57.927,0.324,-171.046,0.504,-362.57,0.487,-228.973,0.635,-420.497,0.215,-191.524,0.166,0.107,-1.418,-0.316,-3.007,-1.037,-1.283,-0.423,-2.355,-1.203,-1.073,-1.588,-0.571,0.27,0.337,0.729,0.762,0.073,-0.872,0.029,-2.529,1.735,0.132,2.686,-0.068,0.834,2.569,3.976,0.288,0.015,0.609,0.909
2019-09-28,CTD3,4181698,695238,0.0072065066,0.010141611,0.015550397,0.006785105,0.004658734,0.0013436822,0.0013051309,0.000521773,1.652,-0.211,34.297,0.198,-48.778,0.37,-116.047,0.392,-83.075,0.539,-150.344,0.186,-67.269,0.233,0.16,-0.759,-0.227,-1.805,-0.787,-0.843,-0.387,-1.525,-1.02,-0.682,-1.046,-0.473,0.166,0.245,0.592,0.643,0.083,-0.804,-0.034,-1.843,1.195,-0.115,1.741,0.077,0.847,1.832,2.669,0.369,-0.023,0.659,0.905
2019-09-28,CTD4,4180266,698264,0.0044253776,0.0065772994,0.011049958,0.004504475,0.0030463398,0.00086986227,0.0008456412,0.00033992584,1.142,-0.254,61.54,0.187,-69.963,0.367,-176.225,0.421,-131.503,0.568,-237.765,0.193,-106.261,0.277,0.187,-0.773,-0.213,-1.947,-0.794,-0.865,-0.401,-1.564,-1.071,-0.699,-1.174,-0.592,0.147,0.227,0.68,0.722,0.083,-0.883,-0.081,-2.167,1.184,-0.294,1.751,0.201,1.004,1.99,2.942,0.409,-0.056,0.629,0.906
2019-09-28,CTD6,4176009,695829,0.0057351748,0.008325729,0.0142129,0.006389251,0.004467209,0.0013060981,0.0012736811,0.0005108184,1.065,-0.261,49.751,0.132,-36.403,0.302,-103.744,0.38,-86.154,0.522,-153.495,0.177,-67.341,0.318,0.222,-0.517,-0.163,-1.475,-0.663,-0.717,-0.385,-1.278,-0.981,-0.561,-0.957,-0.542,0.104,0.187,0.612,0.662,0.085,-0.844,-0.113,-1.879,0.989,-0.361,1.414,0.277,1.008,1.688,2.414,0.453,-0.087,0.653,0.907
2019-09-28,CTD7,4176724,690397,0.008400659,0.011972026,0.019586502,0.008864747,0.0061949906,0.0017868124,0.0017385941,0.000689899,3.603,-0.241,32.472,0.149,-29.278,0.318,-77.893,0.377,-61.751,0.519,-110.365,0.177,-48.614,0.288,0.201,-0.573,-0.181,-1.526,-0.69,-0.739,-0.383,-1.321,-0.978,-0.582,-0.952,-0.506,0.121,0.203,0.59,0.643,0.085,-0.82,-0.088,-1.811,1.034,-0.277,1.48,0.205,0.937,1.692,2.421,0.424,-0.065,0.66,0.906
2019-09-28,CTD8,4174178,693048,0.0068485495,0.009952126,0.017830713,0.008738642,0.0063251215,0.0018874387,0.0018498703,0.00073860673,3.089,-0.284,44.398,0.065,-13.953,0.223,-57.619,0.342,-58.351,0.476,-102.017,0.16,-43.665,0.388,0.281,-0.249,-0.088,-1.027,-0.504,-0.581,-0.369,-1.015,-0.891,-0.435,-0.779,-0.523,0.05,0.137,0.559,0.616,0.087,-0.823,-0.166,-1.68,0.784,-0.467,1.083,0.41,1.068,1.405,1.941,0.523,-0.145,0.673,0.909
2019-09-28,CTD9,4171106,693183,0.015989406,0.02286992,0.04053297,0.023824701,0.017970467,0.0053732367,0.0052748807,0.0020432565,4.885,-0.279,19.054,-0.02,1.752,0.12,-11.921,0.26,-17.302,0.386,-30.976,0.14,-13.674,0.454,0.342,0.071,0.031,-0.483,-0.284,-0.396,-0.311,-0.708,-0.738,-0.313,-0.554,-0.423,-0.016,0.076,0.409,0.483,0.092,-0.762,-0.19,-1.296,0.517,-0.429,0.685,0.447,1.018,0.916,1.214,0.598,-0.198,0.736,0.909
2019-09-28,CTD10,4170388,695646,0.006286093,0.009868921,0.019422073,0.008916778,0.006478013,0.001938495,0.0019127213,0.00076699274,3.785,-0.326,49.84,0.051,-10.82,0.207,-53.04,0.371,-60.66,0.5,-102.881,0.158,-42.22,0.444,0.323,-0.21,-0.07,-1.03,-0.473,-0.599,-0.393,-1.015,-0.917,-0.417,-0.82,-0.621,0.037,0.12,0.643,0.689,0.083,-0.868,-0.218,-1.891,0.773,-0.655,1.064,0.592,1.242,1.522,2.095,0.57,-0.197,0.641,0.914
2019-09-28,CTD11,4169609,700351,0.0041550817,0.006432803,0.013055345,0.0064261355,0.004744315,0.0014648907,0.0014499424,0.0005892588,3.001,-0.34,78.856,0.001,-0.161,0.151,-55.325,0.34,-79.018,0.467,-134.182,0.151,-55.164,0.507,0.374,-0.002,-0.001,-0.722,-0.356,-0.508,-0.375,-0.863,-0.862,-0.355,-0.72,-0.593,0.0,0.087,0.593,0.646,0.086,-0.862,-0.246,-1.751,0.638,-0.676,0.864,0.675,1.291,1.294,1.753,0.636,-0.245,0.66,0.914
2019-09-28,CTD12,4173438,695414,0.0055119297,0.008041018,0.014364625,0.0068978756,0.0049340515,0.0014701299,0.0014400377,0.0005786747,2.155,-0.282,54.747,0.077,-20.61,0.239,-78.311,0.351,-75.357,0.489,-133.058,0.166,-57.701,0.378,0.27,-0.296,-0.102,-1.125,-0.54,-0.606,-0.372,-1.07,-0.918,-0.464,-0.829,-0.534,0.059,0.146,0.575,0.631,0.088,-0.838,-0.156,-1.746,0.822,-0.453,1.15,0.388,1.071,1.469,2.053,0.514,-0.133,0.667,0.908
2019-10-03,CTD1,4187246,695025,0.022070419,0.03478814,0.07165001,0.044072866,0.036982834,0.012364889,0.01235439,0.00474047,11.467,-0.346,14.789,-0.118,6.056,-0.031,1.706,0.238,-8.733,0.319,-13.083,0.087,-4.35,0.652,0.547,0.434,0.224,0.122,0.075,-0.304,-0.323,-0.455,-0.577,-0.151,-0.312,-0.455,-0.085,-0.019,0.384,0.44,0.067,-0.706,-0.354,-1.148,0.273,-0.685,0.326,0.868,1.22,0.563,0.67,0.751,-0.448,0.741,0.939
2019-10-03,CTD2,4181518,693105,0.0037996015,0.006332337,0.0132371355,0.0058187945,0.004145146,0.0012284367,0.0012153776,0.00049241685,2.295,-0.353,82.375,0.042,-13.937,0.209,-83.326,0.389,-96.312,0.523,-165.701,0.168,-69.389,0.479,0.341,-0.184,-0.058,-1.103,-0.485,-0.61,-0.399,-1.049,-0.964,-0.439,-0.919,-0.693,0.03,0.115,0.708,0.748,0.086,-0.925,-0.234,-2.105,0.775,-0.747,1.088,0.687,1.378,1.62,2.275,0.606,-0.215,0.621,0.912
2019-10-03,CTD3,4181698,695238,0.0029109432,0.0047134147,0.010831408,0.0061218143,0.0048155533,0.0015942352,0.0016042744,0.0006646034,2.248,-0.394,119.836,-0.13,48.81,-0.011,4.5,0.278,-71.026,0.384,-115.336,0.119,-44.31,0.734,0.577,0.529,0.235,0.049,0.028,-0.335,-0.342,-0.544,-0.706,-0.209,-0.48,-0.559,-0.09,-0.006,0.494,0.555,0.084,-0.836,-0.351,-1.479,0.325,-0.791,0.414,1.027,1.511,0.748,0.95,0.854,-0.456,0.697,0.923
2019-10-03,CTD4,4180266,698264,0.0040449807,0.0065428987,0.014535953,0.008830203,0.0068765096,0.0022048962,0.0022121158,0.00090045785,2.28,-0.379,84.043,-0.149,39.59,-0.025,7.415,0.244,-44.453,0.358,-76.628,0.124,-32.175,0.742,0.578,0.575,0.272,0.108,0.065,-0.291,-0.306,-0.501,-0.677,-0.211,-0.468,-0.509,-0.107,-0.014,0.425,0.498,0.093,-0.834,-0.329,-1.373,0.268,-0.695,0.344,0.938,1.443,0.595,0.764,0.877,-0.444,0.729,0.916
2019-10-03,CTD5,4179450,700268,0.0024833635,0.004159564,0.008422334,0.003433805,0.0023504691,0.00067432236,0.0006625008,0.00026807064,1.3325,-0.339,121.678,0.096,-50.812,0.278,-185.037,0.421,-172.49,0.564,-306.715,0.187,-134.225,0.418,0.286,-0.428,-0.119,-1.558,-0.635,-0.717,-0.405,-1.276,-1.053,-0.558,-1.13,-0.737,0.067,0.153,0.766,0.8,0.086,-0.967,-0.191,-2.372,0.932,-0.683,1.362,0.564,1.34,1.888,2.758,0.546,-0.157,0.604,0.909
2019-10-03,CTD6,4176009,695829,0.0037681467,0.0059659556,0.012567398,0.006737282,0.0050460403,0.0015717695,0.0015637203,0.0006370115,2.329,-0.356,88.047,-0.061,19.19,0.084,-30.557,0.302,-68.857,0.427,-118.604,0.144,-49.747,0.593,0.444,0.241,0.097,-0.384,-0.206,-0.411,-0.347,-0.708,-0.799,-0.297,-0.625,-0.56,-0.044,0.048,0.529,0.592,0.091,-0.86,-0.274,-1.605,0.484,-0.683,0.646,0.771,1.358,1.02,1.361,0.728,-0.31,0.685,0.912
2019-10-03,CTD7,4176724,690397,0.0037026303,0.006506666,0.014939884,0.0062351557,0.0045230705,0.0013674784,0.0013624687,0.0005557226,4.99,-0.393,86.754,0.021,-6.692,0.18,-67.4,0.411,-93.446,0.535,-154.154,0.159,-60.708,0.541,0.392,-0.1,-0.03,-1.007,-0.42,-0.608,-0.423,-1.003,-0.961,-0.395,-0.907,-0.784,0.014,0.094,0.789,0.818,0.08,-0.943,-0.29,-2.259,0.741,-0.958,1.021,0.918,1.571,1.701,2.345,0.656,-0.278,0.594,0.919
2019-10-03,CTD8,4174178,693048,0.004380475,0.007194064,0.013586489,0.00524497,0.0035781201,0.0010188654,0.0009994754,0.0004023461,2.2205,-0.308,65.401,0.157,-51.655,0.336,-140.473,0.443,-117.056,0.583,-205.874,0.189,-88.818,0.343,0.234,-0.702,-0.185,-1.909,-0.737,-0.842,-0.419,-1.481,-1.08,-0.639,-1.207,-0.725,0.114,0.192,0.774,0.805,0.08,-0.936,-0.153,-2.425,1.108,-0.58,1.625,0.423,1.206,2.093,3.068,0.466,-0.111,0.599,0.911
2019-10-03,CTD9,4171106,693183,0.011336628,0.017772457,0.035637747,0.022910018,0.018112242,0.0057090595,0.0056836973,0.0022322773,3.368,-0.334,28.207,-0.126,12.618,-0.009,1.056,0.217,-15.589,0.326,-27.151,0.117,-11.562,0.646,0.511,0.45,0.229,0.038,0.024,-0.277,-0.282,-0.483,-0.622,-0.205,-0.412,-0.436,-0.096,-0.006,0.355,0.431,0.09,-0.766,-0.292,-1.192,0.268,-0.574,0.338,0.74,1.215,0.536,0.679,0.781,-0.376,0.762,0.918
2019-10-03,CTD10,4170388,695646,0.0037335148,0.005625894,0.011858255,0.007592455,0.005988198,0.0019625856,0.001962818,0.00080269837,2.4745,-0.356,93.42,-0.149,46.04,-0.031,10.754,0.219,-47.38,0.329,-82.666,0.118,-35.285,0.709,0.559,0.546,0.276,0.128,0.082,-0.267,-0.284,-0.465,-0.628,-0.199,-0.418,-0.459,-0.11,-0.019,0.367,0.444,0.092,-0.793,-0.314,-1.239,0.236,-0.622,0.299,0.84,1.319,0.497,0.631,0.845,-0.424,0.756,0.918
2019-10-03,CTD11,4169609,700351,0.0029365914,0.0048636547,0.011540026,0.0065070805,0.005136156,0.001695666,0.0017085025,0.000706284,2.135,-0.407,118.952,-0.145,51.928,-0.027,10.909,0.279,-67.024,0.384,-108.043,0.118,-41.019,0.774,0.611,0.599,0.267,0.126,0.071,-0.326,-0.344,-0.525,-0.703,-0.2,-0.473,-0.573,-0.099,-0.015,0.503,0.563,0.084,-0.845,-0.368,-1.499,0.302,-0.827,0.383,1.106,1.583,0.717,0.909,0.893,-0.492,0.693,0.924
2019-10-03,CTD12,4173438,695414,0.0028363192,0.004584877,0.010071955,0.0051537594,0.0038404753,0.0012030493,0.0011991165,0.00049262244,2.2675,-0.374,118.823,-0.058,24.075,0.088,-42.276,0.323,-94.748,0.448,-161.099,0.146,-66.351,0.612,0.456,0.242,0.092,-0.426,-0.218,-0.434,-0.364,-0.739,-0.83,-0.304,-0.668,-0.61,-0.041,0.049,0.584,0.64,0.09,-0.887,-0.29,-1.733,0.508,-0.76,0.682,0.855,1.452,1.117,1.499,0.743,-0.326,0.664,0.914
2019-11-27,CTD1,4187246,695025,0.003928172,0.0065106824,0.010233184,0.0024815747,0.0015421774,0.00041301944,0.0003983401,0.00015883386,1.7585000000000002,-0.222,55.872,0.448,-249.376,0.617,-494.84,0.61,-305.249,0.738,-550.713,0.233,-245.464,0.139,0.086,-2.552,-0.385,-5.064,-1.228,-1.987,-0.471,-3.586,-1.367,-1.598,-2.512,-0.925,0.342,0.391,0.963,0.966,0.056,-0.973,0.015,-4.012,2.473,0.098,3.979,-0.037,0.95,3.887,6.254,0.23,0.006,0.537,0.926
2019-11-27,CTD2,4181518,693105,0.0060055964,0.010570935,0.023563452,0.009750329,0.0070846486,0.0020862408,0.0020656805,0.0008253337,5.2055,-0.381,52.16,0.04,-7.962,0.197,-46.551,0.415,-60.122,0.538,-98.712,0.158,-38.59,0.509,0.37,-0.188,-0.056,-1.097,-0.454,-0.636,-0.426,-1.043,-0.962,-0.408,-0.909,-0.772,0.027,0.105,0.782,0.811,0.078,-0.928,-0.278,-2.242,0.783,-0.925,1.078,0.853,1.502,1.746,2.404,0.622,-0.256,0.595,0.92
2019-11-27,CTD3,4181698,695238,0.007305225,0.012347715,0.025946124,0.011782911,0.008643896,0.0025523854,0.0025233626,0.0010024168,4.98,-0.355,42.445,0.023,-3.882,0.176,-34.702,0.375,-46.327,0.5,-77.147,0.154,-30.82,0.5,0.367,-0.101,-0.034,-0.9,-0.409,-0.572,-0.4,-0.953,-0.909,-0.381,-0.8,-0.666,0.016,0.098,0.675,0.717,0.082,-0.887,-0.258,-1.954,0.715,-0.774,0.974,0.738,1.368,1.502,2.047,0.621,-0.246,0.63,0.917
2019-11-27,CTD4,4180266,698264,0.003994136,0.0070278095,0.015555216,0.005261223,0.0036491698,0.0010621931,0.0010457425,0.00042448085,4.5215,-0.378,78.005,0.144,-47.778,0.316,-131.743,0.495,-125.783,0.62,-209.748,0.181,-83.965,0.41,0.285,-0.743,-0.174,-2.049,-0.693,-0.884,-0.459,-1.474,-1.104,-0.59,-1.306,-0.957,0.092,0.162,0.964,0.969,0.071,-0.99,-0.242,-2.927,1.101,-1.031,1.588,0.772,1.52,2.437,3.514,0.514,-0.181,0.544,0.923
2019-11-27,CTD5,4179450,700268,0.0099202385,0.014914876,0.015511892,0.002714516,0.0016274666,0.00043453946,0.00041564295,0.00016515976,0.5575,-0.02,2.58,0.692,-301.343,0.803,-547.405,0.702,-303.923,0.81,-549.985,0.25,-246.062,0.007,0.004,-4.674,-0.49,-8.491,-1.486,-4.533,-0.495,-8.203,-1.493,-3.67,-3.817,-0.137,0.712,0.729,0.774,0.788,0.036,-0.706,0.362,-4.037,5.39,3.45,8.989,-0.628,0.44,5.605,9.349,0.077,0.066,0.579,0.94
2019-11-27,CTD6,4176009,695829,0.0064950255,0.01025131,0.021923117,0.013464784,0.010521176,0.003306439,0.0032945087,0.0013115805,5.525,-0.363,51.935,-0.135,23.281,-0.013,2.502,0.239,-28.654,0.351,-49.432,0.123,-20.779,0.699,0.546,0.51,0.245,0.055,0.034,-0.294,-0.301,-0.507,-0.666,-0.213,-0.456,-0.487,-0.099,-0.008,0.407,0.481,0.091,-0.812,-0.314,-1.322,0.281,-0.654,0.36,0.859,1.357,0.602,0.77,0.834,-0.412,0.737,0.917
2019-11-27,CTD7,4176724,690397,0.0033145694,0.00538122,0.0129775675,0.0079978015,0.0065327254,0.0021856923,0.0021968242,0.00089904765,4.9545,-0.414,108.775,-0.196,60.797,-0.097,32.756,0.237,-47.978,0.33,-76.019,0.101,-28.041,0.87,0.711,0.789,0.397,0.425,0.262,-0.258,-0.313,-0.409,-0.608,-0.151,-0.364,-0.523,-0.134,-0.055,0.418,0.482,0.08,-0.81,-0.402,-1.314,0.169,-0.799,0.207,1.187,1.595,0.409,0.5,0.983,-0.598,0.729,0.93
2019-11-27,CTD8,4174178,693048,0.005024722,0.008420124,0.01965142,0.011233335,0.008871366,0.002827158,0.0028285745,0.0011372995,5.421,-0.4,67.876,-0.143,29.742,-0.026,6.041,0.273,-38.134,0.378,-61.835,0.117,-23.701,0.762,0.602,0.584,0.264,0.119,0.068,-0.321,-0.338,-0.521,-0.695,-0.2,-0.466,-0.559,-0.099,-0.015,0.487,0.549,0.084,-0.838,-0.361,-1.466,0.298,-0.8,0.378,1.068,1.544,0.696,0.881,0.883,-0.482,0.7,0.924
2019-11-27,CTD9,4171106,693183,0.0049263616,0.008944899,0.022558466,0.012233074,0.009721002,0.003114762,0.003132755,0.0012641283,3.198,-0.432,67.466,-0.155,30.05,-0.042,8.926,0.297,-37.416,0.398,-58.541,0.114,-21.124,0.825,0.656,0.678,0.292,0.201,0.109,-0.335,-0.364,-0.524,-0.716,-0.189,-0.477,-0.62,-0.102,-0.022,0.553,0.606,0.08,-0.862,-0.398,-1.589,0.3,-0.924,0.378,1.264,1.727,0.757,0.953,0.937,-0.544,0.672,0.928
2019-11-27,CTD10,4170388,695646,0.004959957,0.008254946,0.019189209,0.011007561,0.0087337345,0.0028003617,0.0028014134,0.0011278922,5.1755,-0.398,69.027,-0.143,30.293,-0.028,6.641,0.271,-38.734,0.374,-62.386,0.115,-23.652,0.76,0.603,0.581,0.265,0.127,0.073,-0.32,-0.338,-0.515,-0.687,-0.195,-0.454,-0.554,-0.099,-0.016,0.482,0.543,0.083,-0.83,-0.363,-1.447,0.295,-0.798,0.372,1.064,1.531,0.685,0.864,0.878,-0.484,0.702,0.925
2019-11-27,CTD11,4169609,700351,0.008516235,0.015479336,0.03517297,0.015258935,0.0113420235,0.0033382997,0.0033123575,0.001303894,8.6605,-0.389,36.171,0.007,-0.933,0.154,-23.565,0.395,-37.104,0.512,-59.737,0.147,-22.632,0.552,0.41,-0.033,-0.011,-0.829,-0.36,-0.574,-0.421,-0.925,-0.912,-0.35,-0.796,-0.74,0.005,0.082,0.742,0.775,0.077,-0.905,-0.303,-2.087,0.692,-0.94,0.931,0.927,1.529,1.572,2.115,0.663,-0.299,0.607,0.922
2019-11-27,CTD12,4173438,695414,0.005420977,0.009197438,0.021075904,0.0117212245,0.009233649,0.0029396764,0.0029415658,0.0011835311,5.258,-0.392,61.278,-0.121,23.411,-0.002,0.426,0.285,-37.868,0.391,-60.852,0.119,-22.984,0.718,0.566,0.493,0.216,0.009,0.005,-0.348,-0.35,-0.56,-0.713,-0.211,-0.484,-0.567,-0.083,-0.001,0.508,0.566,0.082,-0.833,-0.351,-1.498,0.347,-0.802,0.44,1.022,1.504,0.794,1.008,0.836,-0.448,0.691,0.924
2020-02-20,CTD1,4187246,695025,0.006098385,0.01017502,0.017792685,0.005446889,0.003549015,0.00096193055,0.0009349201,0.00037143772,0.9095,-0.272,42.077,0.303,-85.311,0.483,-183.488,0.531,-127.388,0.667,-225.565,0.211,-98.177,0.229,0.149,-1.518,-0.303,-3.265,-0.999,-1.296,-0.452,-2.295,-1.229,-0.999,-1.747,-0.847,0.222,0.285,0.9,0.912,0.068,-0.963,-0.08,-3.145,1.669,-0.4,2.561,0.214,1.097,2.918,4.478,0.336,-0.043,0.559,0.918
2020-02-20,CTD2,4181518,693105,0.0048975274,0.00848188,0.016459934,0.004764065,0.003125838,0.0008628272,0.0008421523,0.00033819763,1.5034999999999998,-0.32,57.145,0.281,-92.006,0.461,-202.016,0.551,-149.151,0.681,-259.161,0.208,-110.009,0.272,0.179,-1.514,-0.288,-3.325,-0.962,-1.265,-0.466,-2.198,-1.235,-0.933,-1.811,-1.011,0.19,0.252,1.008,1.007,0.066,-1.009,-0.141,-3.485,1.59,-0.742,2.424,0.417,1.284,3.086,4.704,0.372,-0.079,0.531,0.923
2020-02-20,CTD3,4181698,695238,0.0034852428,0.0061322264,0.01343814,0.0044579236,0.0030486162,0.0008805213,0.00086651725,0.00035241578,1.882,-0.373,88.658,0.158,-61.247,0.336,-164.945,0.502,-149.905,0.63,-253.603,0.188,-103.698,0.395,0.27,-0.823,-0.187,-2.217,-0.735,-0.919,-0.457,-1.555,-1.131,-0.636,-1.394,-0.973,0.102,0.172,0.978,0.981,0.072,-1.006,-0.228,-3.032,1.149,-1.003,1.68,0.729,1.508,2.517,3.681,0.5,-0.165,0.541,0.921
2020-02-20,CTD4,4180266,698264,0.0060000713,0.010093189,0.019137144,0.006469776,0.0043398472,0.0012016,0.0011734292,0.00046753482,2.04,-0.309,46.822,0.219,-55.488,0.399,-131.346,0.495,-102.31,0.63,-178.168,0.197,-75.858,0.303,0.203,-1.062,-0.241,-2.514,-0.85,-1.033,-0.444,-1.798,-1.153,-0.766,-1.452,-0.837,0.154,0.225,0.878,0.893,0.073,-0.963,-0.143,-2.85,1.333,-0.632,1.988,0.405,1.225,2.528,3.769,0.414,-0.092,0.567,0.917
2020-02-20,CTD5,4179450,700268,0.011317411,0.017930621,0.02595353,0.005810853,0.0036383602,0.00096858,0.00093376363,0.00036971096,1.6475,-0.183,17.24,0.51,-116.321,0.663,-219.079,0.634,-133.561,0.754,-236.319,0.23,-102.757,0.1,0.063,-3.019,-0.423,-5.686,-1.273,-2.395,-0.486,-4.237,-1.373,-1.843,-2.667,-0.849,0.41,0.45,0.934,0.94,0.05,-0.906,0.065,-4.048,2.946,0.462,4.704,-0.15,0.821,4.263,6.809,0.184,0.021,0.541,0.932
2020-02-20,CTD6,4176009,695829,0.004255079,0.0072029177,0.013612072,0.0044982405,0.0029776995,0.00082312076,0.00080303714,0.00032151732,1.9105,-0.308,65.368,0.231,-83.477,0.415,-196.997,0.503,-148.845,0.641,-262.366,0.203,-113.521,0.294,0.195,-1.136,-0.249,-2.682,-0.886,-1.072,-0.443,-1.89,-1.18,-0.818,-1.545,-0.857,0.163,0.233,0.895,0.909,0.073,-0.981,-0.133,-2.97,1.383,-0.607,2.088,0.379,1.228,2.613,3.947,0.406,-0.083,0.562,0.916
2020-02-20,CTD7,4176724,690397,0.011696815,0.020447003,0.04214811,0.015157614,0.0105043575,0.0028855945,0.0028254294,0.001100471,3.7425,-0.347,25.181,0.149,-17.067,0.321,-46.292,0.471,-42.248,0.601,-71.473,0.181,-29.225,0.382,0.265,-0.719,-0.179,-1.951,-0.702,-0.864,-0.444,-1.461,-1.083,-0.598,-1.232,-0.846,0.1,0.174,0.872,0.889,0.074,-0.958,-0.208,-2.663,1.1,-0.834,1.587,0.618,1.368,2.267,3.271,0.492,-0.154,0.569,0.919
2020-02-20,CTD8,4174178,693048,0.0055630915,0.0098246,0.020776877,0.0068401317,0.0046655284,0.0013165844,0.0012940418,0.0005189602,2.008,-0.358,53.655,0.179,-44.411,0.356,-112.553,0.505,-98.066,0.633,-166.208,0.189,-68.142,0.367,0.25,-0.923,-0.207,-2.338,-0.77,-0.963,-0.458,-1.633,-1.137,-0.669,-1.416,-0.952,0.117,0.187,0.962,0.967,0.071,-0.993,-0.209,-3.017,1.212,-0.932,1.777,0.649,1.433,2.563,3.757,0.472,-0.146,0.545,0.921
2020-02-20,CTD9,4171106,693183,0.013478123,0.021526443,0.04284934,0.023437683,0.017829375,0.0053444807,0.005276575,0.0020506736,1.905,-0.331,23.117,-0.043,3.788,0.094,-9.633,0.293,-19.329,0.412,-32.75,0.136,-13.421,0.542,0.412,0.162,0.068,-0.413,-0.226,-0.416,-0.345,-0.705,-0.768,-0.289,-0.575,-0.517,-0.031,0.056,0.493,0.556,0.087,-0.812,-0.258,-1.485,0.502,-0.621,0.66,0.676,1.23,1.0,1.315,0.673,-0.281,0.698,0.915
2020-02-20,CTD10,4170388,695646,0.00616225,0.010980198,0.023100413,0.007341286,0.004973531,0.0013894514,0.001364125,0.00054523966,2.939,-0.356,47.784,0.199,-45.143,0.377,-109.991,0.518,-92.927,0.646,-157.775,0.192,-64.848,0.351,0.238,-1.043,-0.225,-2.541,-0.807,-1.02,-0.462,-1.732,-1.158,-0.712,-1.498,-0.984,0.13,0.197,0.988,0.989,0.069,-1.001,-0.202,-3.149,1.28,-0.939,1.89,0.628,1.426,2.694,3.976,0.453,-0.135,0.538,0.922
2020-02-20,CTD11,4169609,700351,0.0050418205,0.009067628,0.020268155,0.0075697717,0.005326456,0.0015325436,0.0015149496,0.00060745724,3.0825,-0.382,60.944,0.09,-21.822,0.26,-77.46,0.456,-82.766,0.584,-138.404,0.174,-55.638,0.461,0.325,-0.442,-0.116,-1.57,-0.586,-0.75,-0.441,-1.255,-1.048,-0.505,-1.128,-0.869,0.059,0.134,0.882,0.898,0.076,-0.974,-0.256,-2.607,0.935,-0.975,1.329,0.814,1.532,2.09,2.97,0.572,-0.214,0.567,0.919
2020-02-20,CTD12,4173438,695414,0.004130778,0.0069204504,0.013471915,0.004163648,0.002745574,0.00076632353,0.00074663735,0.00030086824,1.639,-0.321,70.271,0.249,-95.675,0.432,-219.723,0.528,-165.946,0.661,-289.994,0.205,-124.049,0.293,0.193,-1.289,-0.263,-2.96,-0.915,-1.148,-0.456,-2.007,-1.207,-0.858,-1.671,-0.948,0.17,0.237,0.963,0.968,0.07,-1.003,-0.146,-3.245,1.458,-0.715,2.212,0.43,1.287,2.839,4.305,0.398,-0.088,0.544,0.92
2020-03-11,CTD1,4187246,695025,0.012265761,0.020584514,0.03912624,0.01240623,0.0083142985,0.0022462965,0.0021875245,0.00085457315,4.0215,-0.311,23.022,0.248,-32.024,0.425,-71.695,0.519,-55.046,0.649,-94.716,0.197,-39.67,0.286,0.191,-1.253,-0.266,-2.805,-0.889,-1.133,-0.458,-1.95,-1.175,-0.817,-1.552,-0.895,0.172,0.238,0.925,0.934,0.069,-0.966,-0.144,-3.047,1.447,-0.678,2.159,0.409,1.231,2.75,4.103,0.39,-0.087,0.553,0.921
2020-03-11,CTD2,4181518,693105,0.009432932,0.016184548,0.03256836,0.011402412,0.007836426,0.0021765593,0.0021340898,0.00084017566,4.6995000000000005,-0.336,31.083,0.173,-25.913,0.348,-65.822,0.481,-56.996,0.612,-96.905,0.185,-39.908,0.354,0.244,-0.844,-0.203,-2.144,-0.751,-0.922,-0.447,-1.568,-1.105,-0.646,-1.3,-0.852,0.118,0.19,0.881,0.897,0.073,-0.958,-0.19,-2.737,1.179,-0.791,1.715,0.557,1.325,2.372,3.451,0.464,-0.134,0.566,0.919
2020-03-11,CTD3,4181698,695238,0.0069028665,0.011898747,0.023673477,0.008098687,0.0055071986,0.001538613,0.0015100891,0.00060149987,4.34,-0.331,41.801,0.19,-39.434,0.367,-97.538,0.49,-81.235,0.623,-139.339,0.19,-58.104,0.339,0.23,-0.934,-0.217,-2.309,-0.79,-0.967,-0.447,-1.658,-1.128,-0.691,-1.376,-0.865,0.13,0.201,0.895,0.908,0.073,-0.968,-0.177,-2.829,1.237,-0.763,1.818,0.519,1.31,2.46,3.618,0.448,-0.121,0.562,0.918
2020-03-11,CTD4,4180266,698264,0.00786898,0.013799159,0.025563234,0.0070713544,0.004613106,0.0012488099,0.0012198484,0.0004850684,3.915,-0.299,33.35,0.322,-68.947,0.499,-144.306,0.567,-102.297,0.694,-177.655,0.21,-75.358,0.236,0.154,-1.763,-0.318,-3.689,-1.02,-1.412,-0.472,-2.451,-1.256,-1.04,-1.926,-1.007,0.223,0.281,1.004,1.004,0.062,-0.993,-0.113,-3.59,1.771,-0.624,2.715,0.32,1.2,3.281,5.029,0.332,-0.058,0.53,0.925
2020-03-11,CTD5,4179450,700268,0.015156681,0.024705466,0.03576863,0.0062712315,0.0038390558,0.0010122901,0.000974676,0.0003865138,1.905,-0.183,12.519,0.595,-118.981,0.731,-220.004,0.702,-131.501,0.806,-232.523,0.241,-101.022,0.079,0.048,-4.256,-0.457,-7.869,-1.38,-3.249,-0.505,-5.745,-1.458,-2.496,-3.613,-1.094,0.465,0.496,1.033,1.031,0.04,-0.943,0.079,-5.378,3.832,0.732,6.26,-0.186,0.836,5.548,9.063,0.147,0.02,0.512,0.942
2020-03-11,CTD6,4176009,695829,0.007336185,0.01232619,0.025813084,0.011420139,0.008289157,0.0024341347,0.002406539,0.0009558326,5.2925,-0.354,42.388,0.038,-6.437,0.196,-39.511,0.387,-48.825,0.514,-81.899,0.159,-33.075,0.484,0.351,-0.166,-0.053,-1.02,-0.451,-0.602,-0.405,-1.01,-0.935,-0.408,-0.854,-0.684,0.027,0.108,0.698,0.738,0.082,-0.9,-0.248,-2.035,0.758,-0.773,1.045,0.716,1.368,1.588,2.188,0.605,-0.23,0.623,0.916
2020-03-11,CTD7,4176724,690397,0.012648633,0.02192775,0.045299254,0.017329302,0.0121009145,0.0033359313,0.0032684698,0.0012692796,6.3855,-0.348,23.529,0.117,-12.101,0.289,-37.034,0.447,-35.63,0.578,-60.563,0.178,-24.933,0.408,0.285,-0.548,-0.146,-1.678,-0.642,-0.781,-0.431,-1.328,-1.05,-0.547,-1.129,-0.794,0.08,0.157,0.822,0.846,0.078,-0.948,-0.214,-2.478,0.998,-0.802,1.43,0.634,1.368,2.062,2.953,0.523,-0.169,0.584,0.917
2020-03-11,CTD8,4174178,693048,0.009504864,0.01561325,0.030788789,0.0137121845,0.009832336,0.0028385588,0.002797254,0.0011021425,4.818,-0.327,31.569,0.065,-8.88,0.227,-37.657,0.384,-40.448,0.516,-69.226,0.165,-28.777,0.433,0.31,-0.273,-0.087,-1.159,-0.516,-0.632,-0.398,-1.081,-0.949,-0.449,-0.886,-0.645,0.047,0.13,0.671,0.715,0.084,-0.887,-0.21,-1.993,0.819,-0.657,1.143,0.577,1.255,1.616,2.253,0.559,-0.184,0.632,0.913
2020-03-11,CTD9,4171106,693183,0.015554949,0.024920883,0.04821206,0.022292841,0.016341267,0.0046943477,0.0045999917,0.0017754802,4.819,-0.318,19.385,0.056,-4.73,0.208,-21.068,0.368,-24.116,0.494,-40.453,0.154,-16.337,0.432,0.317,-0.228,-0.077,-1.016,-0.47,-0.601,-0.394,-1.008,-0.902,-0.407,-0.788,-0.603,0.041,0.122,0.628,0.675,0.081,-0.847,-0.216,-1.832,0.779,-0.638,1.063,0.57,1.202,1.507,2.056,0.556,-0.193,0.646,0.916
2020-03-11,CTD10,4170388,695646,0.0075744446,0.013568719,0.02708317,0.008951607,0.006037188,0.0016594854,0.0016307536,0.00064670754,4.261,-0.332,36.776,0.205,-38.013,0.384,-91.941,0.503,-74.788,0.635,-128.717,0.194,-53.928,0.329,0.222,-1.03,-0.229,-2.49,-0.823,-1.015,-0.452,-1.747,-1.152,-0.732,-1.461,-0.902,0.139,0.209,0.925,0.935,0.072,-0.982,-0.173,-2.97,1.293,-0.778,1.917,0.513,1.322,2.581,3.826,0.437,-0.114,0.554,0.919
2020-03-11,CTD11,4169609,700351,0.007139203,0.012667028,0.02810803,0.012375981,0.009055561,0.002670513,0.0026528817,0.0010545158,4.577,-0.379,43.368,0.012,-1.857,0.166,-31.484,0.389,-45.225,0.513,-74.852,0.155,-29.628,0.537,0.393,-0.052,-0.017,-0.885,-0.39,-0.573,-0.41,-0.948,-0.926,-0.375,-0.833,-0.72,0.008,0.089,0.724,0.761,0.081,-0.916,-0.281,-2.08,0.701,-0.872,0.959,0.852,1.487,1.556,2.127,0.655,-0.275,0.614,0.918
2020-03-11,CTD12,4173438,695414,0.005934147,0.01076749,0.02335826,0.0071547483,0.0048208036,0.0013426098,0.0013179127,0.0005276602,4.3615,-0.369,50.061,0.202,-46.895,0.381,-114.562,0.531,-96.956,0.658,-164.623,0.195,-67.667,0.358,0.241,-1.095,-0.226,-2.676,-0.82,-1.044,-0.467,-1.773,-1.178,-0.729,-1.581,-1.051,0.128,0.195,1.039,1.034,0.068,-1.023,-0.213,-3.34,1.299,-1.031,1.927,0.685,1.496,2.817,4.181,0.458,-0.141,0.525,0.924
2020-12-21,CTD1,4187246,695025,0.004345421,0.0066466304,0.0096582705,0.002883518,0.0018147642,0.00048494418,0.0004656333,0.00018429162,0.4974999999999999,-0.185,46.914,0.395,-196.346,0.571,-400.584,0.54,-243.26,0.684,-447.498,0.227,-204.237,0.135,0.085,-1.896,-0.356,-3.869,-1.155,-1.617,-0.441,-2.974,-1.29,-1.357,-1.973,-0.641,0.328,0.385,0.801,0.823,0.066,-0.901,0.059,-3.017,2.117,0.313,3.364,-0.136,0.824,3.076,4.888,0.246,0.026,0.584,0.915
2020-12-21,CTD2,4181518,693105,0.0054511325,0.008407311,0.008808012,0.0015920107,0.0009446211,0.0002512166,0.00023994021,9.514017e-05,0.5680000000000001,-0.023,5.411,0.682,-509.192,0.798,-939.681,0.694,-514.603,0.806,-945.093,0.255,-430.489,0.009,0.005,-4.485,-0.481,-8.277,-1.496,-4.326,-0.486,-7.946,-1.505,-3.619,-3.792,-0.158,0.699,0.718,0.772,0.786,0.038,-0.731,0.361,-4.043,5.174,3.368,8.719,-0.638,0.454,5.42,9.135,0.082,0.068,0.581,0.938
2020-12-21,CTD3,4181698,695238,0.0062707257,0.009070372,0.006587012,0.0008738317,0.0005078072,0.00013548715,0.0001295332,5.1079e-05,0.5815,0.159,-41.565,0.824,-1034.136,0.894,-1859.002,0.766,-992.571,0.857,-1817.437,0.265,-824.866,-0.036,-0.021,-6.812,-0.525,-12.245,-1.624,-9.003,-0.504,-16.485,-1.588,-7.482,-5.433,1.797,1.155,1.148,0.596,0.611,0.023,-0.344,0.796,-2.591,10.303,10.324,17.729,-0.995,0.145,7.482,12.875,0.019,0.077,0.635,0.951
2020-12-21,CTD4,4180266,698264,0.0046068174,0.0072273193,0.010994052,0.0030730683,0.001926796,0.00051069545,0.0004900592,0.00019364308,0.624,-0.207,47.406,0.403,-187.044,0.579,-380.632,0.563,-234.449,0.702,-428.038,0.229,-193.589,0.146,0.091,-2.056,-0.36,-4.185,-1.17,-1.694,-0.452,-3.094,-1.315,-1.399,-2.128,-0.753,0.322,0.377,0.865,0.88,0.063,-0.938,0.03,-3.354,2.177,0.173,3.471,-0.074,0.894,3.311,5.281,0.25,0.013,0.565,0.919
2020-12-21,CTD5,4179450,700268,0.014559326,0.021477306,0.022202939,0.0035207388,0.0020923857,0.0005508304,0.00052459247,0.00020723382,0.5225,-0.017,1.522,0.718,-237.471,0.822,-431.363,0.726,-238.992,0.828,-432.884,0.254,-193.892,0.005,0.003,-5.273,-0.497,-9.578,-1.519,-5.133,-0.5,-9.297,-1.524,-4.164,-4.305,-0.129,0.739,0.754,0.793,0.804,0.033,-0.715,0.373,-4.511,6.006,3.958,10.106,-0.649,0.439,6.209,10.447,0.07,0.061,0.572,0.944
2020-12-21,CTD6,4176009,695829,0.005349589,0.008348599,0.008414318,0.001345273,0.0007875994,0.00020816826,0.0001986893,7.856058e-05,0.742,-0.004,0.936,0.722,-623.563,0.828,-1149.9,0.724,-624.498,0.829,-1150.836,0.261,-526.337,0.001,0.001,-5.247,-0.491,-9.676,-1.547,-5.214,-0.492,-9.608,-1.548,-4.394,-4.429,-0.031,0.761,0.775,0.774,0.787,0.033,-0.716,0.407,-4.478,6.112,4.345,10.44,-0.7,0.422,6.16,10.522,0.068,0.066,0.578,0.943
2020-12-21,CTD7,4176724,690397,0.0055768117,0.008585733,0.0072990046,0.0010103929,0.00058520376,0.00015554244,0.00014862568,5.8731723e-05,0.7445,0.081,-20.533,0.789,-873.242,0.872,-1592.334,0.757,-852.709,0.852,-1571.802,0.266,-719.093,-0.021,-0.012,-6.374,-0.511,-11.622,-1.609,-7.321,-0.499,-13.495,-1.588,-6.174,-5.249,0.806,0.961,0.963,0.686,0.7,0.027,-0.55,0.597,-3.975,8.417,7.447,14.533,-0.876,0.271,7.156,12.355,0.038,0.07,0.604,0.949
2020-12-21,CTD8,4174178,693048,0.0048463447,0.0073257172,0.009922684,0.0028156051,0.0017551266,0.00046648807,0.0004468363,0.00017652306,0.7645,-0.151,35.726,0.445,-218.658,0.613,-433.254,0.558,-254.384,0.699,-468.98,0.232,-214.596,0.101,0.063,-2.17,-0.384,-4.299,-1.22,-1.864,-0.446,-3.436,-1.32,-1.572,-2.129,-0.568,0.386,0.437,0.783,0.805,0.061,-0.866,0.115,-3.052,2.425,0.65,3.89,-0.25,0.731,3.285,5.269,0.207,0.044,0.588,0.917
2020-12-21,CTD9,4171106,693183,0.008453253,0.014456236,0.029478794,0.011462774,0.008150605,0.0023258429,0.002284696,0.00090151676,0.571,-0.342,35.252,0.115,-18.065,0.279,-53.516,0.44,-53.316,0.567,-88.768,0.169,-35.451,0.404,0.287,-0.533,-0.147,-1.578,-0.613,-0.771,-0.435,-1.283,-1.018,-0.512,-1.045,-0.766,0.08,0.154,0.797,0.823,0.075,-0.916,-0.221,-2.356,0.985,-0.798,1.385,0.633,1.328,2.008,2.824,0.516,-0.175,0.59,0.919
2020-12-21,CTD10,4170388,695646,0.0042041284,0.0065935487,0.010168389,0.0030213636,0.0019053869,0.00050661026,0.0004864604,0.00019225429,0.8734999999999999,-0.213,53.319,0.372,-179.313,0.552,-373.164,0.542,-232.632,0.684,-426.484,0.227,-193.851,0.161,0.102,-1.823,-0.342,-3.794,-1.127,-1.534,-0.443,-2.812,-1.289,-1.278,-1.971,-0.726,0.296,0.355,0.841,0.859,0.067,-0.937,0.018,-3.154,1.995,0.095,3.163,-0.044,0.912,3.077,4.878,0.271,0.008,0.574,0.915
2020-12-21,CTD11,4169609,700351,0.006538775,0.011770556,0.023283383,0.005828735,0.0037645176,0.0010159836,0.0009880172,0.0003944372,1.3090000000000002,-0.328,42.009,0.338,-86.606,0.515,-180.681,0.6,-128.615,0.722,-222.689,0.215,-94.074,0.245,0.158,-2.016,-0.326,-4.207,-1.053,-1.514,-0.484,-2.621,-1.298,-1.107,-2.19,-1.2,0.22,0.275,1.124,1.109,0.059,-1.043,-0.14,-4.166,1.858,-0.868,2.876,0.43,1.332,3.675,5.69,0.334,-0.069,0.502,0.929
2020-12-21,CTD12,4173438,695414,0.004394033,0.006943933,0.010136144,0.0026525927,0.0016486504,0.00043766116,0.00042056246,0.00016662465,0.7745,-0.187,45.354,0.447,-232.979,0.616,-462.546,0.585,-278.333,0.72,-507.9,0.233,-229.567,0.12,0.075,-2.362,-0.384,-4.688,-1.227,-1.933,-0.459,-3.527,-1.347,-1.594,-2.327,-0.742,0.364,0.414,0.871,0.884,0.059,-0.924,0.064,-3.53,2.455,0.391,3.95,-0.149,0.838,3.584,5.766,0.219,0.024,0.562,0.921
2021-01-05,CTD1,4187246,695025,0.0041821143,0.0069868253,0.013883398,0.0045075947,0.0030191517,0.0008403496,0.0008177861,0.00032661553,0.5185,-0.33,71.098,0.216,-78.721,0.397,-188.092,0.51,-149.819,0.643,-259.19,0.198,-109.371,0.32,0.215,-1.093,-0.238,-2.611,-0.848,-1.047,-0.452,-1.811,-1.168,-0.764,-1.518,-0.916,0.147,0.216,0.937,0.945,0.071,-0.99,-0.167,-3.048,1.333,-0.766,1.989,0.494,1.317,2.648,3.953,0.428,-0.107,0.551,0.919
2021-01-05,CTD2,4181518,693105,0.0040712804,0.0061740302,0.009332402,0.0030783953,0.0019637665,0.00052866054,0.00050847675,0.00020151207,0.493,-0.204,54.815,0.335,-162.876,0.517,-347.257,0.504,-217.691,0.652,-402.072,0.221,-184.381,0.169,0.108,-1.52,-0.32,-3.241,-1.069,-1.344,-0.427,-2.482,-1.238,-1.138,-1.721,-0.626,0.274,0.339,0.769,0.796,0.072,-0.906,0.024,-2.747,1.795,0.112,2.814,-0.056,0.874,2.714,4.254,0.288,0.012,0.597,0.91
2021-01-05,CTD3,4181698,695238,0.006997807,0.010135547,0.010255959,0.0020489525,0.0012341732,0.00032992262,0.00031554545,0.0001250913,0.733,-0.006,1.158,0.664,-389.392,0.783,-711.596,0.667,-390.55,0.785,-712.755,0.248,-322.205,0.002,0.001,-3.994,-0.481,-7.298,-1.458,-3.958,-0.482,-7.224,-1.46,-3.266,-3.305,-0.037,0.704,0.723,0.722,0.74,0.04,-0.672,0.386,-3.363,4.826,3.207,8.013,-0.648,0.41,4.884,8.108,0.082,0.078,0.598,0.934
2021-01-05,CTD4,4180266,698264,0.00781021,0.011602588,0.014916663,0.003694887,0.0022939772,0.0006096062,0.00058337155,0.00023036444,0.73,-0.125,19.149,0.517,-184.457,0.67,-349.736,0.603,-203.605,0.733,-368.885,0.234,-165.28,0.071,0.044,-2.751,-0.423,-5.217,-1.292,-2.362,-0.467,-4.28,-1.363,-1.918,-2.465,-0.553,0.459,0.5,0.808,0.825,0.053,-0.833,0.157,-3.362,2.986,1.021,4.81,-0.325,0.665,3.839,6.184,0.165,0.05,0.577,0.925
2021-01-05,CTD5,4179450,700268,0.011749468,0.019036314,0.023467515,0.0032652733,0.0019282323,0.0005051886,0.00048229683,0.00019152323,0.525,-0.104,9.919,0.707,-253.722,0.816,-466.079,0.756,-263.641,0.848,-475.998,0.257,-212.357,0.032,0.019,-5.954,-0.489,-10.938,-1.522,-5.019,-0.508,-9.061,-1.554,-4.042,-4.983,-0.853,0.621,0.64,0.964,0.966,0.031,-0.882,0.221,-6.341,5.748,2.685,9.733,-0.461,0.642,7.086,11.999,0.089,0.038,0.525,0.95
2021-01-05,CTD6,4176009,695829,0.0052031097,0.008041018,0.011127278,0.0028815258,0.0017919883,0.00047743216,0.00045846484,0.00018173993,1.039,-0.161,34.493,0.472,-222.676,0.636,-433.677,0.589,-257.169,0.723,-468.17,0.233,-211.001,0.099,0.062,-2.478,-0.399,-4.826,-1.25,-2.068,-0.461,-3.765,-1.349,-1.697,-2.348,-0.66,0.399,0.446,0.839,0.855,0.057,-0.885,0.101,-3.419,2.629,0.626,4.228,-0.224,0.762,3.639,5.851,0.197,0.036,0.57,0.922
2021-01-05,CTD7,4176724,690397,0.004958425,0.007815501,0.01057335,0.0023622478,0.0014456813,0.00038332297,0.00036778513,0.00014584066,0.7324999999999999,-0.15,33.373,0.536,-295.375,0.688,-563.765,0.635,-328.748,0.759,-597.138,0.241,-268.39,0.079,0.048,-3.123,-0.427,-5.961,-1.332,-2.569,-0.475,-4.667,-1.411,-2.098,-2.838,-0.724,0.454,0.492,0.887,0.897,0.05,-0.895,0.127,-4.005,3.172,0.93,5.183,-0.281,0.741,4.291,7.011,0.166,0.038,0.553,0.929
2021-01-05,CTD8,4174178,693048,0.0037415659,0.00595307,0.009502997,0.0027588606,0.0017447418,0.00046816867,0.00045251873,0.00018013534,0.881,-0.23,62.751,0.367,-194.488,0.547,-405.17,0.55,-257.239,0.69,-467.921,0.225,-210.682,0.173,0.109,-1.848,-0.339,-3.85,-1.118,-1.531,-0.449,-2.786,-1.291,-1.254,-2.002,-0.788,0.284,0.343,0.876,0.891,0.066,-0.955,-0.006,-3.289,1.974,-0.033,3.122,0.015,0.964,3.151,4.983,0.28,-0.003,0.564,0.917
2021-01-05,CTD9,4171106,693183,0.0111014275,0.01863278,0.036408987,0.013308374,0.00909156,0.0024894085,0.0024304525,0.00095138734,1.411,-0.323,26.203,0.167,-21.472,0.344,-56.323,0.465,-47.675,0.6,-82.526,0.188,-34.851,0.349,0.238,-0.782,-0.195,-2.051,-0.75,-0.888,-0.433,-1.538,-1.098,-0.649,-1.269,-0.794,0.117,0.192,0.833,0.855,0.077,-0.952,-0.171,-2.605,1.15,-0.686,1.684,0.49,1.271,2.248,3.29,0.465,-0.122,0.58,0.915
2021-01-05,CTD10,4170388,695646,0.005006133,0.008302916,0.015192765,0.004218896,0.0027271395,0.0007418209,0.00071785616,0.00028636775,1.9175,-0.293,54.619,0.326,-116.589,0.506,-246.245,0.565,-171.208,0.696,-300.864,0.215,-129.656,0.23,0.149,-1.771,-0.318,-3.741,-1.039,-1.422,-0.467,-2.498,-1.269,-1.077,-1.97,-0.992,0.228,0.287,0.995,0.996,0.063,-1.0,-0.1,-3.603,1.789,-0.557,2.767,0.283,1.183,3.273,5.063,0.329,-0.051,0.533,0.923
2021-01-05,CTD11,4169609,700351,0.001183554,0.0018256496,0.0041233986,0.0023469687,0.0017408642,0.0005344366,0.0005302272,0.00021576455,1.5335,-0.386,305.232,-0.125,121.669,0.024,-26.677,0.275,-183.563,0.406,-331.909,0.148,-148.346,0.716,0.531,0.502,0.212,-0.11,-0.063,-0.335,-0.32,-0.606,-0.779,-0.271,-0.612,-0.562,-0.089,0.013,0.498,0.571,0.102,-0.905,-0.299,-1.591,0.356,-0.708,0.48,0.91,1.517,0.803,1.083,0.863,-0.384,0.701,0.906
2021-01-05,CTD12,4173438,695414,0.00361268,0.0058347336,0.010900331,0.003637582,0.0023912953,0.0006599819,0.00064227637,0.0002577679,1.4835,-0.303,79.647,0.232,-103.52,0.419,-246.796,0.5,-183.168,0.64,-326.443,0.207,-143.276,0.29,0.19,-1.128,-0.248,-2.69,-0.898,-1.069,-0.438,-1.905,-1.187,-0.836,-1.562,-0.84,0.165,0.237,0.883,0.898,0.074,-0.986,-0.122,-2.954,1.385,-0.557,2.106,0.347,1.211,2.587,3.935,0.404,-0.076,0.566,0.914
2021-04-20,CTD1,4187246,695025,0.007325114,0.011822384,0.012742818,0.0019035683,0.0011181899,0.00029709464,0.00028350556,0.000112804555,0.767,-0.037,6.11,0.723,-440.744,0.827,-809.717,0.74,-446.854,0.839,-815.827,0.26,-368.973,0.012,0.007,-5.616,-0.493,-10.318,-1.541,-5.283,-0.5,-9.645,-1.553,-4.362,-4.702,-0.305,0.716,0.731,0.838,0.847,0.032,-0.775,0.34,-5.185,6.123,3.879,10.423,-0.625,0.49,6.6,11.235,0.073,0.055,0.559,0.946
2021-04-20,CTD2,4181518,693105,0.004581257,0.007205133,0.009506017,0.0021251235,0.0013091748,0.00035775194,0.00034467402,0.0001384436,0.53,-0.138,33.593,0.544,-331.771,0.692,-625.05,0.635,-365.364,0.758,-658.643,0.238,-293.279,0.071,0.044,-3.154,-0.434,-5.942,-1.328,-2.632,-0.478,-4.746,-1.4,-2.113,-2.788,-0.67,0.47,0.507,0.867,0.879,0.049,-0.865,0.142,-3.871,3.253,1.03,5.28,-0.304,0.703,4.291,6.966,0.157,0.042,0.558,0.93
2021-04-20,CTD3,4181698,695238,0.0073406175,0.01077708,0.011226444,0.0023214757,0.0014142905,0.00038650504,0.00037149937,0.00014885473,0.449,-0.02,3.714,0.646,-337.971,0.768,-614.279,0.657,-341.685,0.776,-617.993,0.243,-276.308,0.009,0.005,-3.794,-0.478,-6.896,-1.426,-3.682,-0.483,-6.66,-1.435,-2.978,-3.102,-0.12,0.669,0.691,0.73,0.749,0.041,-0.681,0.351,-3.296,4.516,2.784,7.413,-0.6,0.432,4.705,7.722,0.089,0.076,0.595,0.933
2021-04-20,CTD4,4180266,698264,0.008453253,0.012674364,0.014445549,0.003040252,0.001873736,0.00051316316,0.0004946984,0.00019846005,0.402,-0.065,9.674,0.613,-250.021,0.742,-454.794,0.652,-259.695,0.77,-464.468,0.237,-204.773,0.029,0.018,-3.612,-0.468,-6.57,-1.383,-3.291,-0.487,-5.887,-1.412,-2.595,-2.958,-0.36,0.59,0.618,0.784,0.8,0.043,-0.745,0.261,-3.541,4.039,2.013,6.554,-0.483,0.523,4.604,7.47,0.11,0.063,0.579,0.933
2021-04-20,CTD5,4179450,700268,0.02073219,0.03246183,0.03227985,0.004147788,0.002412879,0.00063222885,0.00061071117,0.00024315885,0.535,0.003,-0.174,0.773,-210.287,0.862,-383.637,0.772,-210.113,0.861,-383.464,0.264,-173.35,-0.001,-0.0,-6.788,-0.507,-12.384,-1.591,-6.821,-0.507,-12.448,-1.591,-5.627,-5.596,0.028,0.816,0.825,0.807,0.816,0.027,-0.713,0.424,-5.552,7.752,5.671,13.325,-0.725,0.413,7.708,13.25,0.053,0.054,0.565,0.952
2021-04-20,CTD6,4176009,695829,0.004138437,0.006256552,0.008213824,0.002090893,0.0012950026,0.0003531689,0.00033948547,0.00013582378,0.404,-0.135,38.086,0.499,-318.432,0.657,-612.367,0.594,-356.519,0.728,-650.453,0.235,-293.935,0.08,0.049,-2.616,-0.412,-5.03,-1.28,-2.231,-0.462,-4.07,-1.36,-1.839,-2.414,-0.578,0.438,0.481,0.811,0.829,0.055,-0.853,0.142,-3.35,2.835,0.903,4.577,-0.302,0.693,3.721,6.009,0.177,0.048,0.577,0.923
2021-04-20,CTD7,4176724,690397,0.0074950187,0.012169292,0.013170758,0.0021344996,0.0012768301,0.00034661763,0.00033451556,0.00013458973,0.8345,-0.04,6.248,0.702,-386.32,0.81,-701.016,0.721,-392.568,0.823,-707.264,0.251,-314.696,0.013,0.008,-5.088,-0.493,-9.233,-1.496,-4.777,-0.501,-8.607,-1.51,-3.83,-4.145,-0.294,0.695,0.712,0.821,0.832,0.034,-0.748,0.326,-4.614,5.604,3.36,9.369,-0.589,0.484,6.065,10.14,0.078,0.057,0.564,0.944
2021-04-20,CTD8,4174178,693048,0.008127372,0.012873762,0.012277499,0.0018484088,0.0010890973,0.00029347933,0.00028228838,0.00011303507,0.676,0.024,-3.772,0.749,-463.328,0.844,-840.514,0.738,-459.556,0.837,-836.742,0.258,-377.186,-0.007,-0.004,-5.689,-0.505,-10.319,-1.554,-5.916,-0.501,-10.772,-1.547,-4.856,-4.631,0.203,0.825,0.834,0.747,0.76,0.03,-0.649,0.459,-4.308,6.876,5.178,11.67,-0.744,0.364,6.558,11.13,0.055,0.066,0.585,0.946
2021-04-20,CTD9,4171106,693183,0.0150255365,0.024616048,0.046284277,0.016657835,0.011492348,0.0031485166,0.0030716727,0.0011901954,0.724,-0.306,19.018,0.193,-19.408,0.363,-46.391,0.471,-38.426,0.602,-65.409,0.183,-26.983,0.317,0.219,-0.898,-0.223,-2.147,-0.773,-0.946,-0.442,-1.61,-1.09,-0.664,-1.249,-0.77,0.138,0.209,0.82,0.843,0.073,-0.918,-0.158,-2.55,1.229,-0.637,1.782,0.431,1.19,2.312,3.351,0.428,-0.107,0.582,0.918
2021-04-20,CTD10,4170388,695646,0.0063479124,0.009727716,0.009575754,0.001695645,0.0010085934,0.00027280374,0.00026236728,0.00010501158,0.4435,0.008,-1.631,0.703,-486.947,0.812,-888.681,0.699,-485.316,0.809,-887.049,0.254,-401.734,-0.003,-0.002,-4.663,-0.491,-8.51,-1.507,-4.721,-0.489,-8.629,-1.504,-3.908,-3.847,0.056,0.759,0.774,0.734,0.75,0.036,-0.665,0.421,-3.757,5.632,3.998,9.468,-0.697,0.39,5.544,9.32,0.069,0.073,0.592,0.939
2021-04-20,CTD11,4169609,700351,0.011259917,0.017610569,0.020475274,0.003578681,0.0021785647,0.00059067534,0.0005700592,0.00022870448,0.504,-0.075,7.945,0.662,-222.648,0.78,-402.234,0.702,-230.593,0.808,-410.178,0.243,-179.585,0.028,0.017,-4.559,-0.485,-8.236,-1.439,-4.061,-0.502,-7.223,-1.468,-3.163,-3.677,-0.498,0.619,0.642,0.854,0.863,0.037,-0.783,0.251,-4.478,4.815,2.362,7.909,-0.48,0.554,5.598,9.195,0.097,0.051,0.556,0.942
2021-04-20,CTD12,4173438,695414,0.0063829343,0.009553743,0.008713399,0.0014131003,0.0008231582,0.00021866264,0.00020840799,8.253621e-05,0.4455,0.046,-10.095,0.742,-602.993,0.841,-1110.162,0.721,-592.898,0.827,-1100.068,0.264,-507.169,-0.014,-0.008,-5.254,-0.496,-9.673,-1.569,-5.664,-0.488,-10.51,-1.555,-4.845,-4.419,0.376,0.854,0.862,0.704,0.719,0.032,-0.62,0.514,-3.824,6.666,5.44,11.444,-0.805,0.33,6.08,10.437,0.053,0.076,0.6,0.942
2021-05-20,CTD1,4187246,695025,0.005740468,0.008996532,0.016607521,0.007577326,0.0053687305,0.0015692912,0.001546273,0.00062004064,0.6505,-0.297,50.94,0.086,-20.819,0.253,-75.11,0.373,-71.759,0.511,-126.05,0.171,-54.291,0.386,0.273,-0.346,-0.112,-1.247,-0.569,-0.646,-0.385,-1.134,-0.955,-0.488,-0.902,-0.588,0.065,0.15,0.629,0.678,0.086,-0.87,-0.167,-1.906,0.864,-0.516,1.219,0.435,1.137,1.595,2.251,0.519,-0.14,0.647,0.909
2021-05-20,CTD2,4181518,693105,0.0058204266,0.009467803,0.016168248,0.005482495,0.0036627245,0.0010292222,0.0010073235,0.0004047311,0.544,-0.261,43.772,0.267,-76.778,0.442,-167.4,0.494,-120.549,0.631,-211.171,0.199,-90.622,0.24,0.16,-1.241,-0.281,-2.707,-0.918,-1.141,-0.442,-1.999,-1.158,-0.858,-1.465,-0.733,0.201,0.268,0.814,0.836,0.071,-0.911,-0.082,-2.687,1.5,-0.364,2.246,0.211,1.04,2.562,3.835,0.353,-0.048,0.583,0.916
2021-05-20,CTD3,4181698,695238,0.0063829343,0.010980198,0.016592199,0.0036186788,0.0022777254,0.00062789046,0.0006127316,0.00024807418,0.534,-0.204,30.804,0.504,-185.271,0.656,-347.961,0.642,-216.075,0.759,-378.765,0.227,-162.691,0.111,0.07,-3.074,-0.422,-5.773,-1.259,-2.373,-0.492,-4.159,-1.371,-1.786,-2.699,-0.952,0.39,0.431,0.979,0.981,0.049,-0.927,0.032,-4.25,2.897,0.236,4.603,-0.078,0.882,4.378,6.955,0.192,0.011,0.529,0.934
2021-05-20,CTD4,4180266,698264,0.007445476,0.01171205,0.012409903,0.0021215293,0.0012726764,0.00034553887,0.00033278833,0.00013364444,0.4555,-0.029,4.801,0.693,-385.976,0.804,-700.364,0.708,-390.777,0.814,-705.165,0.25,-314.388,0.01,0.006,-4.79,-0.491,-8.691,-1.486,-4.577,-0.497,-8.259,-1.496,-3.682,-3.902,-0.206,0.701,0.718,0.792,0.805,0.035,-0.723,0.344,-4.23,5.418,3.353,9.032,-0.607,0.46,5.741,9.57,0.079,0.062,0.573,0.942
2021-05-20,CTD5,4179450,700268,0.014832296,0.026684897,0.039645024,0.0064065843,0.003893349,0.001026312,0.0010027726,0.0004014976,0.6675,-0.195,12.251,0.613,-118.615,0.745,-219.374,0.722,-130.866,0.821,-231.624,0.244,-100.759,0.078,0.048,-4.702,-0.462,-8.697,-1.405,-3.492,-0.51,-6.181,-1.484,-2.689,-3.995,-1.258,0.466,0.495,1.087,1.08,0.038,-0.972,0.065,-6.018,4.067,0.666,6.692,-0.16,0.878,6.042,9.943,0.142,0.016,0.499,0.945
2021-05-20,CTD6,4176009,695829,0.0051918817,0.008966606,0.015905734,0.004479589,0.002934608,0.00082178443,0.00080636586,0.0003264767,0.409,-0.279,48.655,0.334,-111.71,0.507,-229.236,0.561,-160.364,0.688,-277.891,0.208,-117.526,0.218,0.143,-1.777,-0.328,-3.646,-1.027,-1.438,-0.471,-2.492,-1.245,-1.054,-1.869,-0.936,0.238,0.296,0.96,0.965,0.062,-0.963,-0.091,-3.418,1.817,-0.495,2.774,0.247,1.119,3.223,4.92,0.315,-0.046,0.541,0.924
2021-05-20,CTD7,4176724,690397,0.008926361,0.017412089,0.037965387,0.011076641,0.0075039407,0.00205766,0.0020337827,0.0008065399,1.458,-0.371,31.092,0.222,-32.849,0.398,-75.832,0.548,-63.94,0.67,-106.924,0.192,-42.983,0.344,0.233,-1.247,-0.246,-2.879,-0.84,-1.113,-0.48,-1.862,-1.184,-0.748,-1.632,-1.106,0.139,0.202,1.079,1.069,0.065,-1.017,-0.219,-3.487,1.374,-1.107,2.029,0.704,1.503,2.997,4.423,0.438,-0.139,0.514,0.927
2021-05-20,CTD8,4174178,693048,0.0009971801,0.0013812229,0.002394997,0.0018404128,0.0013780966,0.00044931466,0.00044756525,0.00018593486,0.6695,-0.268,306.459,-0.143,180.64,0.001,-1.642,0.131,-125.819,0.27,-308.101,0.144,-182.282,0.564,0.422,0.433,0.249,-0.004,-0.003,-0.174,-0.173,-0.426,-0.567,-0.252,-0.437,-0.315,-0.122,0.001,0.201,0.316,0.122,-0.759,-0.172,-0.987,0.175,-0.299,0.234,0.398,0.985,0.304,0.405,0.757,-0.229,0.853,0.891
2021-05-20,CTD9,4171106,693183,0.013621463,0.02572659,0.055195283,0.017430864,0.012123344,0.0032970454,0.0032367387,0.0012543405,0.622,-0.364,20.753,0.192,-18.499,0.359,-43.615,0.52,-39.252,0.64,-64.368,0.18,-25.116,0.362,0.252,-1.021,-0.224,-2.407,-0.76,-1.01,-0.476,-1.656,-1.122,-0.646,-1.386,-0.997,0.123,0.187,0.998,0.998,0.066,-0.972,-0.229,-3.077,1.256,-1.044,1.806,0.708,1.45,2.695,3.875,0.458,-0.155,0.533,0.927
2021-05-20,CTD10,4170388,695646,0.0063966024,0.011180002,0.016797516,0.003567512,0.0022405367,0.0006178029,0.0006041916,0.00024502957,0.489,-0.201,29.913,0.516,-190.862,0.666,-356.876,0.65,-220.775,0.765,-386.789,0.228,-166.014,0.107,0.067,-3.206,-0.428,-5.995,-1.273,-2.468,-0.495,-4.324,-1.38,-1.856,-2.789,-0.967,0.4,0.439,0.986,0.987,0.047,-0.927,0.038,-4.363,3.0,0.281,4.777,-0.09,0.874,4.508,7.178,0.186,0.012,0.527,0.935
2021-05-20,CTD11,4169609,700351,0.007085342,0.012347715,0.01976992,0.0046856864,0.0029854989,0.00081978395,0.00080303714,0.00032426335,0.6445000000000001,-0.231,30.405,0.45,-132.429,0.611,-253.966,0.617,-162.834,0.738,-284.37,0.222,-121.536,0.142,0.091,-2.618,-0.395,-5.021,-1.19,-2.011,-0.486,-3.511,-1.332,-1.501,-2.403,-0.968,0.337,0.383,0.984,0.985,0.053,-0.945,-0.013,-3.987,2.484,-0.083,3.899,0.032,0.964,3.977,6.243,0.228,-0.005,0.53,0.93
2021-05-20,CTD12,4173438,695414,0.0058347518,0.010325019,0.019223986,0.0056290263,0.0037243115,0.0010426274,0.0010269935,0.00041510613,0.5255000000000001,-0.301,44.834,0.294,-80.798,0.47,-171.654,0.547,-125.632,0.675,-216.488,0.204,-90.855,0.252,0.167,-1.553,-0.301,-3.3,-0.966,-1.297,-0.468,-2.235,-1.219,-0.938,-1.747,-0.951,0.205,0.266,0.968,0.972,0.064,-0.974,-0.125,-3.328,1.641,-0.643,2.48,0.35,1.2,3.054,4.617,0.351,-0.068,0.54,0.923
2021-06-14,CTD1,4187246,695025,0.0028124799,0.0050281626,0.00936806,0.002853783,0.0018577711,0.00051792816,0.0005103579,0.00020705801,1.5855,-0.301,92.134,0.276,-151.532,0.46,-339.4,0.533,-243.666,0.669,-431.534,0.211,-187.867,0.263,0.171,-1.42,-0.282,-3.18,-0.969,-1.225,-0.453,-2.17,-1.232,-0.945,-1.76,-0.921,0.194,0.259,0.946,0.953,0.069,-0.999,-0.114,-3.281,1.564,-0.576,2.402,0.327,1.212,2.913,4.475,0.369,-0.065,0.548,0.919
2021-06-14,CTD2,4181518,693105,0.0035773448,0.0061797528,0.010081558,0.0027380097,0.0017473319,0.00048319958,0.00047311356,0.00019144217,0.473,-0.24,62.628,0.386,-203.41,0.559,-410.482,0.573,-266.038,0.705,-473.11,0.221,-207.072,0.171,0.109,-2.051,-0.355,-4.138,-1.124,-1.644,-0.465,-2.924,-1.295,-1.28,-2.088,-0.87,0.291,0.346,0.926,0.935,0.061,-0.954,-0.025,-3.513,2.084,-0.145,3.265,0.064,0.993,3.399,5.327,0.27,-0.011,0.548,0.923
2021-06-14,CTD3,4181698,695238,0.005139267,0.009255979,0.0155745065,0.0038467979,0.002473249,0.0006900997,0.0006794255,0.00027653805,1.657,-0.254,43.831,0.413,-151.918,0.578,-296.288,0.604,-195.749,0.726,-340.119,0.217,-144.37,0.169,0.108,-2.366,-0.376,-4.615,-1.14,-1.812,-0.484,-3.148,-1.308,-1.336,-2.248,-1.0,0.3,0.349,1.0,1.0,0.055,-0.961,-0.049,-3.891,2.247,-0.306,3.495,0.127,1.04,3.781,5.882,0.257,-0.02,0.528,0.929
2021-06-14,CTD4,4180266,698264,0.0052579828,0.009576778,0.01633364,0.003977198,0.0025580195,0.0007137468,0.0007031581,0.0002862458,7.8285,-0.261,43.196,0.413,-147.014,0.578,-286.508,0.608,-190.21,0.729,-329.704,0.217,-139.494,0.172,0.11,-2.401,-0.376,-4.68,-1.139,-1.822,-0.487,-3.158,-1.311,-1.336,-2.278,-1.034,0.296,0.346,1.018,1.016,0.055,-0.968,-0.057,-3.977,2.251,-0.363,3.5,0.151,1.062,3.84,5.97,0.259,-0.024,0.523,0.93
2021-06-14,CTD5,4179450,700268,0.007949534,0.014881443,0.025402576,0.005501322,0.003494075,0.00095300504,0.0009383978,0.0003792245,0.88,-0.261,27.832,0.46,-114.577,0.62,-219.001,0.644,-142.408,0.758,-246.833,0.223,-104.424,0.153,0.097,-2.911,-0.4,-5.563,-1.205,-2.119,-0.498,-3.673,-1.358,-1.554,-2.653,-1.17,0.325,0.368,1.083,1.075,0.05,-0.989,-0.049,-4.565,2.568,-0.358,4.042,0.133,1.072,4.383,6.901,0.232,-0.018,0.506,0.935
2021-06-14,CTD6,4176009,695829,0.0047382344,0.0086354725,0.015430354,0.004042624,0.002624969,0.000734625,0.0007244207,0.00029490746,0.4485,-0.282,50.994,0.362,-131.563,0.534,-265.155,0.585,-182.557,0.709,-316.15,0.213,-133.593,0.206,0.134,-2.03,-0.345,-4.091,-1.072,-1.576,-0.479,-2.73,-1.278,-1.154,-2.061,-1.019,0.254,0.309,1.011,1.01,0.059,-0.98,-0.09,-3.742,1.966,-0.527,3.028,0.247,1.138,3.513,5.41,0.298,-0.042,0.527,0.927
2021-06-14,CTD7,4176724,690397,0.008281512,0.015817983,0.026657099,0.005506982,0.0034694881,0.0009395778,0.00092647184,0.0003742801,1.6545,-0.255,25.706,0.484,-118.368,0.64,-225.008,0.658,-144.074,0.77,-250.713,0.227,-106.639,0.142,0.089,-3.155,-0.411,-5.998,-1.239,-2.279,-0.5,-3.966,-1.381,-1.687,-2.843,-1.208,0.342,0.384,1.097,1.087,0.048,-0.994,-0.037,-4.811,2.742,-0.281,4.353,0.098,1.055,4.621,7.335,0.218,-0.013,0.502,0.937
2021-06-14,CTD8,4174178,693048,0.004609666,0.008448377,0.015244749,0.00415499,0.0027027505,0.000753666,0.00074386183,0.00030228042,0.4024999999999999,-0.287,52.77,0.341,-122.309,0.515,-251.628,0.572,-175.078,0.699,-304.397,0.212,-129.319,0.219,0.143,-1.865,-0.331,-3.836,-1.046,-1.479,-0.473,-2.572,-1.265,-1.093,-1.971,-0.991,0.239,0.296,0.994,0.995,0.061,-0.983,-0.096,-3.607,1.856,-0.543,2.853,0.267,1.154,3.349,5.149,0.315,-0.047,0.532,0.925
2021-06-14,CTD9,4171106,693183,0.0048149964,0.0092643695,0.021391178,0.008138811,0.0058891606,0.0017427439,0.0017468832,0.00070714083,0.75,-0.396,61.192,0.065,-14.928,0.223,-61.863,0.449,-76.12,0.568,-123.055,0.16,-46.935,0.498,0.36,-0.319,-0.088,-1.323,-0.503,-0.705,-0.448,-1.14,-1.002,-0.435,-1.004,-0.864,0.041,0.114,0.875,0.891,0.073,-0.949,-0.29,-2.494,0.863,-1.055,1.193,0.927,1.585,1.993,2.754,0.603,-0.255,0.568,0.924
2021-06-14,CTD10,4170388,695646,0.00463252,0.008632848,0.01554558,0.0041034096,0.0026546186,0.0007349234,0.000725921,0.0002947819,0.65,-0.286,51.51,0.356,-127.863,0.53,-260.865,0.582,-179.373,0.708,-312.375,0.214,-133.002,0.211,0.137,-1.988,-0.339,-4.055,-1.07,-1.548,-0.476,-2.697,-1.282,-1.148,-2.068,-1.023,0.249,0.304,1.014,1.012,0.06,-0.99,-0.092,-3.752,1.933,-0.536,2.988,0.255,1.154,3.481,5.381,0.305,-0.044,0.527,0.926
2021-06-14,CTD11,4169609,700351,0.005136095,0.009742341,0.01793975,0.004587866,0.00296881,0.00082078355,0.00081172027,0.00032940417,1.1585,-0.296,46.903,0.36,-115.322,0.533,-234.191,0.593,-162.224,0.716,-281.093,0.214,-118.869,0.215,0.139,-2.069,-0.342,-4.201,-1.074,-1.58,-0.482,-2.739,-1.29,-1.158,-2.132,-1.085,0.247,0.301,1.05,1.045,0.058,-1.002,-0.104,-3.919,1.958,-0.629,3.026,0.296,1.194,3.606,5.572,0.305,-0.049,0.518,0.928
2021-06-14,CTD12,4173438,695414,0.0053003235,0.009614315,0.015608315,0.0036807961,0.002343441,0.0006491022,0.00063883513,0.00025975192,0.402,-0.238,39.943,0.446,-167.669,0.608,-322.711,0.618,-207.612,0.739,-362.655,0.222,-155.043,0.147,0.094,-2.617,-0.393,-5.037,-1.188,-1.996,-0.487,-3.487,-1.335,-1.491,-2.42,-0.995,0.331,0.377,0.997,0.998,0.053,-0.955,-0.021,-4.048,2.462,-0.138,3.867,0.053,0.987,3.997,6.278,0.233,-0.008,0.527,0.931
2021-08-13,CTD1,4187246,695025,0.003948816,0.006825181,0.015084587,0.007343737,0.0055806017,0.0017543534,0.001761474,0.00072010444,1.9405,-0.377,80.223,-0.037,10.346,0.1,-32.676,0.345,-69.878,0.46,-112.899,0.136,-43.022,0.589,0.448,0.156,0.058,-0.493,-0.24,-0.477,-0.39,-0.771,-0.829,-0.294,-0.649,-0.639,-0.025,0.055,0.624,0.671,0.08,-0.863,-0.307,-1.774,0.559,-0.831,0.736,0.894,1.45,1.236,1.627,0.706,-0.331,0.647,0.921
2021-08-13,CTD2,4181518,693105,0.0037197552,0.00624883,0.013866023,0.0070453235,0.0054424517,0.0017536685,0.001761474,0.00072418025,1.724,-0.379,87.911,-0.06,18.092,0.069,-23.711,0.326,-69.819,0.436,-111.622,0.128,-41.803,0.619,0.478,0.251,0.098,-0.329,-0.167,-0.436,-0.38,-0.698,-0.786,-0.261,-0.58,-0.61,-0.041,0.039,0.583,0.634,0.08,-0.844,-0.322,-1.661,0.494,-0.82,0.64,0.924,1.446,1.097,1.42,0.735,-0.363,0.661,0.923
2021-08-13,CTD3,4181698,695238,0.0043494515,0.007165361,0.016043942,0.009684946,0.007817789,0.0026012205,0.0026261467,0.0010752404,1.509,-0.383,77.231,-0.15,36.307,-0.044,11.647,0.247,-40.924,0.345,-65.585,0.107,-24.66,0.748,0.604,0.583,0.284,0.187,0.113,-0.293,-0.32,-0.47,-0.635,-0.177,-0.396,-0.507,-0.106,-0.025,0.424,0.488,0.08,-0.792,-0.361,-1.312,0.253,-0.74,0.313,1.0,1.432,0.566,0.701,0.864,-0.487,0.726,0.927
2021-08-13,CTD4,4180266,698264,0.0044500655,0.007894836,0.016379006,0.0056618643,0.00392946,0.0011481986,0.0011375021,0.00046324517,1.377,-0.35,65.611,0.165,-49.955,0.335,-127.823,0.486,-115.567,0.613,-193.434,0.181,-77.868,0.371,0.258,-0.818,-0.196,-2.094,-0.724,-0.912,-0.454,-1.527,-1.095,-0.615,-1.275,-0.885,0.11,0.18,0.906,0.918,0.071,-0.959,-0.212,-2.774,1.154,-0.884,1.663,0.634,1.381,2.395,3.451,0.477,-0.152,0.558,0.921
2021-08-13,CTD5,4179450,700268,0.004473509,0.008036104,0.015325405,0.0042778263,0.0028216052,0.0007984207,0.0007862714,0.00032015287,0.57,-0.312,59.187,0.305,-109.325,0.48,-229.97,0.564,-168.512,0.689,-289.157,0.205,-120.645,0.253,0.167,-1.675,-0.308,-3.524,-0.984,-1.354,-0.475,-2.324,-1.237,-0.97,-1.849,-1.027,0.207,0.266,1.017,1.015,0.062,-0.992,-0.135,-3.553,1.694,-0.734,2.569,0.391,1.247,3.231,4.899,0.348,-0.072,0.527,0.926
2021-08-13,CTD6,4176009,695829,0.0043575233,0.0071455543,0.016088594,0.009945491,0.008120377,0.002731274,0.0027590212,0.0011304513,2.4075,-0.385,77.791,-0.164,39.399,-0.064,16.8,0.236,-38.392,0.329,-60.991,0.101,-22.599,0.774,0.632,0.634,0.32,0.27,0.167,-0.274,-0.312,-0.436,-0.607,-0.161,-0.364,-0.495,-0.116,-0.037,0.402,0.466,0.079,-0.781,-0.372,-1.263,0.214,-0.738,0.262,1.027,1.435,0.481,0.589,0.887,-0.518,0.736,0.93
2021-08-13,CTD7,4176724,690397,0.007025455,0.012814414,0.029897073,0.014466184,0.011235548,0.0035049892,0.003520081,0.001407167,3.148,-0.4,44.589,-0.061,8.91,0.066,-10.966,0.348,-35.679,0.454,-55.555,0.126,-19.876,0.645,0.501,0.266,0.1,-0.328,-0.159,-0.457,-0.401,-0.712,-0.804,-0.255,-0.594,-0.665,-0.04,0.036,0.642,0.684,0.076,-0.859,-0.348,-1.775,0.51,-0.926,0.657,1.046,1.556,1.19,1.532,0.753,-0.393,0.639,0.927
2021-08-13,CTD8,4174178,693048,0.0,0.0,0.0,0.0,0.0,0.0,0.0,0.0,2.7935,,,,,,,,,,,,,,,,,,,,,,,,,,,,,,,,,,,,,,,,,,,,
2021-08-13,CTD9,4171106,693183,0.004729456,0.007782069,0.017379025,0.011073179,0.009130687,0.0030768628,0.0031145548,0.0012697488,2.172,-0.381,70.96,-0.175,38.192,-0.08,18.98,0.222,-32.768,0.311,-51.98,0.096,-19.212,0.786,0.648,0.664,0.349,0.33,0.21,-0.255,-0.299,-0.405,-0.576,-0.15,-0.334,-0.475,-0.124,-0.047,0.373,0.437,0.077,-0.765,-0.377,-1.201,0.177,-0.717,0.215,1.02,1.409,0.396,0.48,0.898,-0.536,0.749,0.932
2021-08-13,CTD10,4170388,695646,0.004487357,0.00738446,0.01661263,0.010536937,0.008669902,0.0029311383,0.0029665658,0.001213535,2.08,-0.385,75.224,-0.176,40.515,-0.08,20.078,0.224,-34.709,0.314,-55.146,0.097,-20.437,0.793,0.652,0.673,0.351,0.334,0.212,-0.256,-0.301,-0.407,-0.581,-0.151,-0.34,-0.48,-0.125,-0.047,0.378,0.443,0.078,-0.771,-0.378,-1.215,0.179,-0.725,0.217,1.034,1.427,0.403,0.489,0.905,-0.54,0.747,0.931
2021-08-13,CTD11,4169609,700351,0.0032041313,0.005020421,0.010855483,0.007415117,0.00605431,0.0020560822,0.0020801765,0.0008593064,1.7065,-0.368,107.067,-0.193,64.327,-0.093,34.015,0.188,-42.74,0.284,-73.052,0.101,-30.312,0.794,0.648,0.698,0.389,0.369,0.252,-0.215,-0.259,-0.367,-0.542,-0.152,-0.329,-0.433,-0.142,-0.057,0.311,0.386,0.086,-0.762,-0.354,-1.116,0.119,-0.635,0.146,0.937,1.346,0.258,0.316,0.919,-0.523,0.783,0.926
2021-08-13,CTD12,4173438,695414,0.005151974,0.008297854,0.01805486,0.0118960515,0.009819562,0.0033182106,0.0033531012,0.0013654074,2.1715,-0.37,65.126,-0.178,36.452,-0.084,18.676,0.206,-28.675,0.295,-46.451,0.096,-17.776,0.775,0.64,0.658,0.358,0.337,0.222,-0.238,-0.282,-0.385,-0.553,-0.148,-0.321,-0.449,-0.129,-0.051,0.34,0.408,0.079,-0.752,-0.366,-1.141,0.154,-0.673,0.186,0.964,1.35,0.334,0.405,0.89,-0.525,0.766,0.931
2021-11-11,CTD1,4187246,695025,0.003862142,0.006737408,0.014115509,0.004718193,0.0031858864,0.00089384505,0.0008758769,0.00035181813,0.7315,-0.354,77.581,0.176,-63.521,0.358,-165.459,0.499,-141.101,0.632,-243.04,0.194,-101.939,0.366,0.247,-0.897,-0.202,-2.336,-0.781,-0.951,-0.45,-1.637,-1.147,-0.687,-1.439,-0.933,0.117,0.189,0.947,0.954,0.073,-1.004,-0.198,-3.003,1.202,-0.877,1.781,0.614,1.42,2.519,3.73,0.475,-0.139,0.549,0.919
2021-11-11,CTD2,4181518,693105,0.003760036,0.0058963364,0.0079373205,0.0020011887,0.0012315043,0.00033005053,0.0003174258,0.00012628341,0.6025,-0.148,43.61,0.493,-330.106,0.654,-642.418,0.597,-373.716,0.731,-686.028,0.238,-312.312,0.087,0.054,-2.62,-0.407,-5.099,-1.286,-2.204,-0.46,-4.045,-1.373,-1.841,-2.479,-0.631,0.425,0.469,0.833,0.849,0.056,-0.882,0.127,-3.499,2.791,0.822,4.536,-0.279,0.731,3.757,6.106,0.184,0.043,0.571,0.923
2021-11-11,CTD3,4181698,695238,0.0052401684,0.007853872,0.008339874,0.0016684834,0.0009990578,0.00026658492,0.00025516187,0.000101258454,0.6025,-0.03,7.42,0.65,-472.021,0.774,-873.617,0.667,-479.441,0.786,-881.037,0.251,-401.596,0.012,0.007,-3.937,-0.472,-7.286,-1.458,-3.765,-0.479,-6.92,-1.47,-3.154,-3.349,-0.182,0.662,0.685,0.754,0.771,0.041,-0.728,0.343,-3.641,4.587,2.863,7.661,-0.608,0.463,4.871,8.135,0.093,0.073,0.588,0.933
2021-11-11,CTD4,4180266,698264,0.0072502317,0.011369516,0.01558416,0.0034854596,0.002158298,0.0005774598,0.00055499945,0.00022077325,0.619,-0.156,23.787,0.531,-198.952,0.681,-375.374,0.634,-222.738,0.757,-399.16,0.235,-176.422,0.083,0.051,-3.1,-0.429,-5.85,-1.308,-2.532,-0.481,-4.538,-1.391,-2.006,-2.749,-0.747,0.444,0.483,0.894,0.904,0.049,-0.885,0.11,-3.959,3.123,0.797,5.044,-0.244,0.751,4.281,6.914,0.168,0.034,0.551,0.93
2021-11-11,CTD5,4179450,700268,0.027549481,0.039991297,0.048618812,0.0072632483,0.004330312,0.0011271142,0.00107052,0.00041985707,1.94,-0.097,4.437,0.693,-112.674,0.805,-205.925,0.74,-117.111,0.836,-210.362,0.253,-93.251,0.032,0.019,-5.478,-0.488,-10.012,-1.496,-4.683,-0.507,-8.413,-1.528,-3.729,-4.534,-0.744,0.618,0.638,0.933,0.937,0.033,-0.855,0.226,-5.722,5.417,2.541,9.086,-0.462,0.62,6.586,11.046,0.093,0.041,0.533,0.948
2021-11-11,CTD6,4176009,695829,0.0051870765,0.009029283,0.01593526,0.003959287,0.002508693,0.0006721376,0.0006519046,0.00026008408,0.97,-0.277,47.997,0.39,-141.82,0.565,-287.863,0.602,-189.817,0.728,-335.86,0.224,-146.043,0.19,0.12,-2.26,-0.356,-4.587,-1.14,-1.714,-0.476,-3.033,-1.33,-1.319,-2.327,-1.068,0.275,0.328,1.038,1.034,0.058,-1.012,-0.067,-4.071,2.123,-0.426,3.351,0.187,1.131,3.747,5.914,0.281,-0.029,0.52,0.927
2021-11-11,CTD7,4176724,690397,0.009751744,0.018721921,0.038483966,0.009124525,0.0058787093,0.0015434843,0.0015070586,0.00059412775,2.3135,-0.345,27.428,0.345,-56.181,0.522,-116.692,0.617,-83.61,0.735,-144.121,0.216,-60.511,0.25,0.161,-2.162,-0.33,-4.491,-1.065,-1.565,-0.492,-2.698,-1.315,-1.133,-2.329,-1.317,0.216,0.27,1.193,1.171,0.057,-1.066,-0.158,-4.495,1.899,-1.033,2.948,0.503,1.411,3.904,6.059,0.335,-0.077,0.487,0.932
2021-11-11,CTD8,4174178,693048,0.008440704,0.015483642,0.030671025,0.007542128,0.0048665246,0.0012988044,0.0012664454,0.0005023762,1.1305,-0.329,31.98,0.345,-68.004,0.522,-140.901,0.605,-99.985,0.726,-172.881,0.216,-72.897,0.241,0.156,-2.086,-0.331,-4.322,-1.063,-1.548,-0.487,-2.677,-1.304,-1.129,-2.236,-1.224,0.223,0.278,1.137,1.121,0.058,-1.045,-0.14,-4.249,1.894,-0.885,2.936,0.431,1.336,3.752,5.815,0.328,-0.068,0.499,0.93
2021-11-11,CTD9,4171106,693183,0.016230635,0.024586285,0.042586856,0.01728108,0.012030089,0.0033572959,0.00326729,0.0012688106,1.323,-0.268,17.192,0.174,-17.194,0.343,-42.452,0.423,-34.385,0.559,-59.643,0.179,-25.258,0.297,0.207,-0.732,-0.207,-1.808,-0.734,-0.845,-0.414,-1.466,-1.031,-0.621,-1.076,-0.614,0.134,0.21,0.691,0.73,0.078,-0.859,-0.119,-2.117,1.14,-0.421,1.638,0.296,1.036,1.975,2.837,0.42,-0.084,0.623,0.912
2021-11-11,CTD10,4170388,695646,0.00420283,0.0073753935,0.013848669,0.0034613372,0.0022089162,0.00060103525,0.0005836122,0.00023441848,1.119,-0.305,63.377,0.361,-153.32,0.539,-317.125,0.6,-216.697,0.725,-380.502,0.221,-163.805,0.219,0.14,-2.123,-0.339,-4.392,-1.098,-1.598,-0.479,-2.806,-1.317,-1.208,-2.268,-1.142,0.244,0.298,1.084,1.074,0.059,-1.034,-0.106,-4.139,1.971,-0.662,3.089,0.311,1.24,3.701,5.8,0.31,-0.05,0.511,0.928
2021-11-11,CTD11,4169609,700351,0.0041142325,0.0073686005,0.014378084,0.0037116094,0.0023850368,0.00064778805,0.0006307047,0.000252982,0.7545,-0.322,66.161,0.33,-133.714,0.511,-283.57,0.59,-199.875,0.715,-349.73,0.218,-149.856,0.246,0.158,-1.923,-0.319,-4.077,-1.053,-1.473,-0.477,-2.577,-1.298,-1.104,-2.155,-1.15,0.218,0.275,1.094,1.082,0.061,-1.044,-0.13,-4.043,1.819,-0.784,2.831,0.395,1.309,3.55,5.525,0.338,-0.066,0.51,0.927
2021-11-11,CTD12,4173438,695414,0.005206322,0.009117145,0.017320622,0.0046453555,0.0030045237,0.00081612903,0.00079444604,0.00031771115,0.9695,-0.31,51.949,0.325,-105.585,0.504,-223.148,0.577,-157.534,0.704,-275.097,0.214,-117.563,0.241,0.156,-1.829,-0.317,-3.865,-1.037,-1.436,-0.473,-2.508,-1.278,-1.072,-2.036,-1.072,0.22,0.278,1.046,1.04,0.062,-1.02,-0.12,-3.802,1.789,-0.694,2.766,0.354,1.253,3.399,5.255,0.336,-0.061,0.521,0.925
2021-11-26,CTD1,4187246,695025,0.005768777,0.008866608,0.011269203,0.0026792106,0.0016492599,0.0004404562,0.00042261626,0.00016774995,0.778,-0.119,24.045,0.536,-260.462,0.686,-493.55,0.616,-284.507,0.745,-517.595,0.238,-233.088,0.064,0.04,-2.935,-0.43,-5.562,-1.322,-2.523,-0.469,-4.589,-1.387,-2.067,-2.627,-0.555,0.479,0.517,0.817,0.833,0.051,-0.838,0.171,-3.523,3.163,1.17,5.138,-0.354,0.655,4.02,6.531,0.156,0.052,0.573,0.926
2021-11-26,CTD2,4181518,693105,0.004958425,0.0073686005,0.0076583005,0.0015349179,0.0009174102,0.00024528286,0.00023494914,9.325573e-05,0.466,-0.019,5.134,0.655,-515.79,0.779,-954.314,0.666,-520.923,0.786,-959.448,0.252,-438.524,0.008,0.005,-3.95,-0.473,-7.308,-1.465,-3.838,-0.478,-7.07,-1.473,-3.231,-3.358,-0.118,0.68,0.702,0.739,0.757,0.041,-0.711,0.364,-3.547,4.681,3.043,7.832,-0.634,0.442,4.865,8.139,0.089,0.076,0.593,0.933
2021-11-26,CTD3,4181698,695238,0.0048643486,0.007355033,0.007315157,0.001351278,0.00080105715,0.00021478318,0.00020569644,8.172943e-05,0.79,0.003,-0.741,0.69,-604.079,0.804,-1112.389,0.688,-603.338,0.803,-1111.648,0.256,-508.31,-0.001,-0.001,-4.419,-0.484,-8.137,-1.503,-4.438,-0.483,-8.176,-1.502,-3.739,-3.718,0.019,0.74,0.756,0.731,0.748,0.038,-0.681,0.413,-3.689,5.334,3.768,8.997,-0.692,0.402,5.305,8.948,0.074,0.076,0.593,0.937
2021-11-26,CTD4,4180266,698264,0.004616796,0.006695997,0.0077411663,0.0020461897,0.001263499,0.0003431251,0.00032870902,0.00013079718,3.119,-0.072,20.163,0.532,-339.37,0.683,-642.11,0.582,-359.534,0.719,-662.273,0.236,-302.74,0.041,0.025,-2.627,-0.429,-4.971,-1.314,-2.407,-0.454,-4.435,-1.355,-2.027,-2.344,-0.316,0.516,0.555,0.715,0.741,0.054,-0.754,0.247,-2.854,3.109,1.516,5.035,-0.463,0.539,3.595,5.821,0.142,0.076,0.606,0.92
2021-11-26,CTD6,4176009,695829,0.005107633,0.008036104,0.013710554,0.0042057466,0.002726119,0.0007409176,0.00071518787,0.00028418066,1.341,-0.261,51.502,0.313,-113.332,0.493,-242.383,0.531,-164.833,0.668,-293.885,0.213,-129.052,0.217,0.14,-1.554,-0.309,-3.323,-1.019,-1.325,-0.449,-2.362,-1.236,-1.037,-1.769,-0.819,0.233,0.296,0.883,0.897,0.068,-0.957,-0.062,-3.119,1.712,-0.312,2.641,0.163,1.058,2.921,4.506,0.325,-0.032,0.563,0.917
2021-11-26,CTD7,4176724,690397,0.019428663,0.03411091,0.06869173,0.022611624,0.0154436305,0.0040652356,0.003946974,0.0015033107,0.0,-0.336,14.758,0.203,-14.909,0.377,-35.435,0.505,-29.667,0.633,-50.194,0.188,-20.527,0.334,0.228,-1.024,-0.23,-2.434,-0.801,-1.012,-0.458,-1.712,-1.135,-0.7,-1.41,-0.909,0.137,0.204,0.93,0.939,0.07,-0.968,-0.186,-2.939,1.284,-0.829,1.88,0.55,1.331,2.585,3.785,0.438,-0.124,0.552,0.921
2021-11-26,CTD8,4174178,693048,0.008728256,0.013724607,0.016984213,0.00286267,0.0017101684,0.00044681522,0.0004250259,0.00016774995,0.087,-0.106,13.984,0.655,-276.462,0.778,-511.876,0.712,-290.446,0.817,-525.86,0.252,-235.414,0.04,0.024,-4.695,-0.473,-8.694,-1.465,-3.986,-0.497,-7.217,-1.505,-3.231,-3.998,-0.713,0.581,0.605,0.915,0.921,0.038,-0.866,0.211,-5.137,4.694,2.092,7.857,-0.436,0.64,5.808,9.723,0.108,0.044,0.54,0.942
2021-11-26,CTD9,4171106,693183,0.008979129,0.014632569,0.028655278,0.011786547,0.008339502,0.0023718653,0.0023235246,0.0009150217,0.256,-0.324,33.443,0.108,-16.502,0.274,-51.571,0.417,-49.945,0.549,-85.014,0.171,-35.069,0.394,0.279,-0.473,-0.138,-1.478,-0.608,-0.731,-0.417,-1.244,-1.002,-0.513,-1.005,-0.697,0.077,0.156,0.734,0.769,0.08,-0.903,-0.197,-2.195,0.95,-0.677,1.343,0.545,1.251,1.861,2.631,0.514,-0.159,0.61,0.915
2021-11-26,CTD10,4170388,695646,0.005772325,0.00977752,0.016138336,0.003523185,0.0021932768,0.00058568316,0.0005646827,0.00022532514,1.223,-0.245,40.311,0.47,-181.559,0.634,-353.663,0.642,-221.87,0.761,-393.975,0.233,-172.105,0.142,0.088,-2.93,-0.398,-5.708,-1.246,-2.169,-0.487,-3.852,-1.388,-1.683,-2.777,-1.113,0.341,0.386,1.054,1.048,0.051,-1.0,-0.017,-4.583,2.639,-0.123,4.24,0.044,1.028,4.356,6.998,0.224,-0.006,0.513,0.932
2021-11-26,CTD11,4169609,700351,0.0044076336,0.0073347255,0.010941888,0.002414505,0.001483803,0.00039497617,0.00038027373,0.00015149113,3.757,-0.197,44.946,0.505,-277.826,0.663,-537.606,0.638,-322.772,0.761,-582.552,0.239,-259.78,0.109,0.067,-3.04,-0.412,-5.882,-1.298,-2.367,-0.479,-4.273,-1.407,-1.905,-2.842,-0.925,0.396,0.438,0.967,0.97,0.051,-0.957,0.056,-4.336,2.902,0.411,4.723,-0.135,0.877,4.329,7.045,0.194,0.018,0.533,0.93
2021-11-26,CTD12,4173438,695414,0.006215315,0.009976014,0.014879577,0.0035207388,0.0021932768,0.00058521,0.0005630568,0.00022370215,1.071,-0.197,33.034,0.478,-183.791,0.64,-355.698,0.617,-216.825,0.743,-388.733,0.232,-171.908,0.116,0.072,-2.735,-0.403,-5.293,-1.252,-2.163,-0.476,-3.878,-1.369,-1.715,-2.558,-0.858,0.378,0.423,0.933,0.94,0.053,-0.935,0.047,-3.951,2.686,0.322,4.312,-0.114,0.869,4.006,6.431,0.206,0.017,0.543,0.928
2021-12-01,CTD1,4187246,695025,0.0024402973,0.003938882,0.006944243,0.0021461013,0.0013675854,0.00037233563,0.00036062166,0.00014450867,0.737,-0.276,109.875,0.295,-212.082,0.485,-477.337,0.528,-321.957,0.671,-587.212,0.222,-265.255,0.236,0.15,-1.473,-0.29,-3.315,-1.024,-1.268,-0.44,-2.313,-1.26,-1.045,-1.842,-0.855,0.216,0.283,0.904,0.916,0.072,-1.002,-0.07,-3.242,1.638,-0.356,2.571,0.194,1.126,2.889,4.533,0.348,-0.038,0.559,0.914
2021-12-01,CTD2,4181518,693105,0.00391608,0.0061398065,0.0067059672,0.001263645,0.0007478024,0.00019883449,0.00019061868,7.5619995e-05,0.9825,-0.044,13.751,0.659,-628.49,0.783,-1174.38,0.683,-642.241,0.799,-1188.131,0.256,-545.89,0.017,0.01,-4.215,-0.47,-7.875,-1.484,-3.943,-0.48,-7.295,-1.501,-3.352,-3.661,-0.281,0.654,0.677,0.79,0.805,0.04,-0.774,0.324,-4.109,4.747,2.904,8.022,-0.598,0.5,5.185,8.762,0.094,0.067,0.576,0.935
2021-12-01,CTD3,4181698,695238,0.005712291,0.007948145,0.011063977,0.0064217863,0.0048471335,0.0015705299,0.0015889559,0.00066190446,0.89,-0.164,35.432,0.106,-29.904,0.242,-80.492,0.265,-65.336,0.391,-115.924,0.14,-50.588,0.228,0.172,-0.331,-0.145,-0.891,-0.517,-0.519,-0.317,-0.921,-0.744,-0.402,-0.56,-0.276,0.096,0.177,0.363,0.433,0.083,-0.606,-0.036,-1.045,0.8,-0.083,1.059,0.067,0.637,1.113,1.475,0.37,-0.029,0.756,0.91
2021-12-01,CTD4,4180266,698264,0.0059141405,0.009450698,0.01356095,0.003229229,0.001998488,0.00052908616,0.0005078513,0.0002010853,0.856,-0.179,32.071,0.491,-203.859,0.651,-394.566,0.615,-235.93,0.743,-426.637,0.235,-190.707,0.104,0.064,-2.765,-0.407,-5.351,-1.274,-2.23,-0.472,-4.032,-1.378,-1.802,-2.586,-0.786,0.4,0.444,0.902,0.912,0.053,-0.919,0.078,-3.859,2.779,0.529,4.491,-0.181,0.816,3.988,6.444,0.194,0.027,0.551,0.927
2021-12-01,CTD5,4179450,700268,0.014378084,0.02093105,0.025563234,0.005182212,0.003176394,0.0008396672,0.0008007151,0.00031528773,1.25,-0.1,8.657,0.603,-145.192,0.736,-267.046,0.663,-153.849,0.779,-275.704,0.24,-121.855,0.045,0.027,-3.712,-0.461,-6.827,-1.384,-3.22,-0.489,-5.771,-1.429,-2.551,-3.115,-0.554,0.548,0.577,0.845,0.857,0.043,-0.813,0.206,-4.009,3.915,1.657,6.387,-0.41,0.608,4.781,7.8,0.123,0.051,0.562,0.935
2021-12-01,CTD6,4176009,695829,0.006761632,0.011538007,0.016859546,0.0027846785,0.0016688919,0.00043713918,0.0004178406,0.00016585563,1.43,-0.187,27.357,0.611,-272.438,0.747,-512.53,0.716,-299.794,0.82,-539.886,0.251,-240.092,0.076,0.046,-4.593,-0.455,-8.641,-1.427,-3.459,-0.5,-6.229,-1.503,-2.77,-4.048,-1.195,0.472,0.502,1.066,1.061,0.039,-0.984,0.085,-5.959,4.044,0.859,6.748,-0.207,0.862,5.91,9.861,0.142,0.021,0.504,0.943
2021-12-01,CTD7,4176724,690397,0.009797201,0.018220818,0.033071004,0.0059715887,0.0036763267,0.000953778,0.00092303724,0.00036597034,1.919,-0.29,24.644,0.506,-112.577,0.664,-217.128,0.694,-137.222,0.8,-241.773,0.238,-104.551,0.147,0.091,-3.723,-0.414,-7.181,-1.297,-2.5,-0.504,-4.405,-1.444,-1.905,-3.458,-1.539,0.333,0.373,1.238,1.215,0.045,-1.073,-0.065,-5.944,2.94,-0.582,4.776,0.191,1.199,5.336,8.668,0.217,-0.021,0.472,0.941
2021-12-01,CTD8,4174178,693048,0.00913366,0.015277999,0.023783913,0.004679211,0.002879177,0.00075305393,0.00072232547,0.00028551524,1.5795,-0.218,23.408,0.531,-148.258,0.683,-281.868,0.671,-171.666,0.784,-305.276,0.238,-133.61,0.11,0.067,-3.526,-0.427,-6.704,-1.319,-2.623,-0.494,-4.664,-1.428,-2.041,-3.178,-1.125,0.398,0.436,1.052,1.047,0.046,-0.983,0.027,-4.996,3.144,0.223,5.11,-0.068,0.941,4.894,7.954,0.185,0.008,0.511,0.937
2021-12-01,CTD9,4171106,693183,0.007371712,0.013303183,0.028984211,0.01038153,0.0072930334,0.0020623994,0.0020314078,0.0008039771,1.867,-0.371,40.668,0.123,-21.155,0.292,-61.947,0.473,-61.823,0.598,-102.616,0.175,-40.792,0.422,0.297,-0.613,-0.154,-1.795,-0.643,-0.822,-0.451,-1.365,-1.065,-0.543,-1.182,-0.887,0.081,0.153,0.903,0.916,0.073,-0.965,-0.244,-2.693,1.03,-0.968,1.466,0.755,1.476,2.244,3.194,0.529,-0.19,0.56,0.922
2021-12-01,CTD10,4170388,695646,0.007134881,0.013669883,0.030679425,0.009154109,0.006197177,0.0017036541,0.00167621,0.0006656857,2.2705,-0.384,40.558,0.198,-36.087,0.376,-88.21,0.54,-76.645,0.664,-128.769,0.193,-52.123,0.371,0.251,-1.107,-0.224,-2.706,-0.807,-1.048,-0.475,-1.76,-1.179,-0.713,-1.599,-1.108,0.122,0.188,1.083,1.073,0.067,-1.032,-0.231,-3.457,1.291,-1.146,1.907,0.767,1.567,2.898,4.281,0.468,-0.155,0.515,0.926
2021-12-01,CTD11,4169609,700351,0.0054797614,0.0098246,0.019787747,0.005700725,0.0037533855,0.0010172178,0.0009920947,0.0003944372,1.3015,-0.336,51.249,0.266,-73.631,0.447,-164.641,0.553,-124.88,0.681,-215.89,0.206,-91.01,0.292,0.192,-1.457,-0.276,-3.258,-0.939,-1.227,-0.469,-2.121,-1.231,-0.894,-1.801,-1.054,0.175,0.238,1.037,1.033,0.066,-1.022,-0.162,-3.549,1.534,-0.854,2.329,0.495,1.356,3.089,4.692,0.391,-0.094,0.524,0.924
2021-12-01,CTD12,4173438,695414,0.010805217,0.017515847,0.021163791,0.002959274,0.0017479801,0.00045581063,0.00043287096,0.00017095797,1.4605,-0.094,9.841,0.711,-280.83,0.819,-514.998,0.755,-290.67,0.847,-524.838,0.257,-234.168,0.029,0.017,-5.943,-0.491,-10.899,-1.524,-5.091,-0.508,-9.193,-1.553,-4.102,-4.956,-0.775,0.635,0.654,0.945,0.948,0.031,-0.865,0.237,-6.189,5.836,2.869,9.881,-0.485,0.618,7.052,11.939,0.086,0.04,0.529,0.95
2022-02-24,CTD1,4187246,695025,0.0023931256,0.0039317072,0.008639,0.0037077437,0.002713902,0.0008366035,0.0008259436,0.00033819763,0.5549999999999999,-0.374,138.588,0.029,-15.363,0.183,-114.131,0.399,-153.952,0.522,-252.719,0.155,-98.767,0.514,0.376,-0.133,-0.042,-0.986,-0.423,-0.605,-0.418,-0.994,-0.937,-0.388,-0.853,-0.733,0.02,0.099,0.742,0.776,0.079,-0.911,-0.277,-2.123,0.746,-0.881,1.02,0.831,1.465,1.64,2.24,0.629,-0.261,0.608,0.92
2022-02-24,CTD2,4181518,693105,0.0023952469,0.004110372,0.008041142,0.0022567355,0.0014605875,0.00040717612,0.0003952926,0.0001597025,0.7919999999999999,-0.323,118.927,0.291,-199.831,0.476,-441.369,0.562,-318.758,0.693,-560.296,0.214,-241.538,0.268,0.174,-1.607,-0.292,-3.549,-0.996,-1.31,-0.466,-2.303,-1.264,-0.993,-1.942,-1.057,0.195,0.257,1.038,1.034,0.066,-1.034,-0.136,-3.684,1.64,-0.749,2.534,0.411,1.309,3.208,4.956,0.367,-0.075,0.524,0.923
2022-02-24,CTD3,4181698,695238,0.0040788264,0.007095174,0.010062361,0.0019253694,0.001165564,0.00031206472,0.00030129484,0.00012069157,0.52,-0.173,41.561,0.573,-378.44,0.718,-717.013,0.679,-420.001,0.792,-758.573,0.246,-338.573,0.08,0.048,-3.808,-0.441,-7.215,-1.381,-2.98,-0.49,-5.382,-1.461,-2.402,-3.407,-0.96,0.46,0.495,0.985,0.986,0.044,-0.947,0.1,-4.948,3.569,0.861,5.896,-0.234,0.813,5.062,8.362,0.156,0.027,0.526,0.937
2022-02-24,CTD4,4180266,698264,0.0028977734,0.0049163485,0.010596866,0.004229151,0.0029854989,0.00088266854,0.00087010546,0.00035376404,0.372,-0.366,109.035,0.075,-33.051,0.244,-131.549,0.429,-142.087,0.56,-240.585,0.172,-98.498,0.461,0.326,-0.35,-0.099,-1.394,-0.556,-0.699,-0.424,-1.183,-1.017,-0.484,-1.044,-0.787,0.051,0.13,0.806,0.832,0.08,-0.953,-0.242,-2.387,0.881,-0.859,1.248,0.739,1.45,1.898,2.689,0.578,-0.208,0.59,0.916
2022-02-24,CTD5,4179450,700268,0.010938495,0.018152801,0.024632445,0.0043965797,0.0026745694,0.00070596556,0.0006811136,0.0002709409,0.7324999999999999,-0.151,14.491,0.61,-172.362,0.743,-318.804,0.697,-186.853,0.804,-333.295,0.244,-146.442,0.064,0.039,-4.246,-0.461,-7.853,-1.402,-3.392,-0.5,-6.05,-1.465,-2.658,-3.607,-0.916,0.504,0.533,0.972,0.974,0.04,-0.907,0.129,-5.081,4.02,1.185,6.609,-0.287,0.749,5.455,8.968,0.134,0.031,0.527,0.941
2022-02-24,CTD6,4176009,695829,0.003320654,0.0061702183,0.012989819,0.0032314698,0.0020916043,0.0005776931,0.00056398526,0.00022812151,0.429,-0.356,85.085,0.313,-147.388,0.494,-316.033,0.602,-232.473,0.723,-401.119,0.214,-168.645,0.275,0.178,-1.915,-0.308,-4.105,-1.021,-1.434,-0.486,-2.475,-1.296,-1.041,-2.191,-1.281,0.195,0.251,1.181,1.159,0.059,-1.07,-0.172,-4.301,1.748,-1.07,2.701,0.56,1.458,3.681,5.687,0.363,-0.09,0.491,0.93
2022-02-24,CTD7,4176724,690397,0.012937283,0.025155539,0.051052317,0.010812571,0.0068431203,0.0017407024,0.0016929598,0.00066028984,3.134,-0.34,20.165,0.399,-52.732,0.572,-106.379,0.65,-72.897,0.764,-126.544,0.225,-53.647,0.218,0.138,-2.692,-0.361,-5.431,-1.15,-1.834,-0.499,-3.183,-1.368,-1.35,-2.739,-1.467,0.248,0.296,1.258,1.229,0.052,-1.087,-0.14,-5.134,2.192,-1.046,3.464,0.449,1.397,4.45,7.031,0.296,-0.06,0.472,0.936
2022-02-24,CTD8,4174178,693048,0.004832885,0.00937407,0.019698748,0.004189729,0.0026685686,0.0007195666,0.0007014148,0.0002818901,0.776,-0.355,55.913,0.382,-132.002,0.557,-268.055,0.649,-187.914,0.761,-323.968,0.222,-136.054,0.234,0.149,-2.6,-0.352,-5.28,-1.123,-1.762,-0.501,-3.037,-1.357,-1.275,-2.68,-1.505,0.232,0.281,1.288,1.256,0.052,-1.094,-0.161,-5.144,2.102,-1.189,3.3,0.531,1.464,4.417,6.935,0.311,-0.072,0.467,0.936
2022-02-24,CTD9,4171106,693183,0.0076362286,0.014391055,0.035749916,0.018247863,0.014232826,0.004396937,0.0044125263,0.0017452699,1.247,-0.426,41.516,-0.118,14.687,0.006,-0.773,0.324,-26.829,0.43,-42.288,0.124,-15.459,0.758,0.591,0.525,0.209,-0.028,-0.014,-0.386,-0.382,-0.609,-0.772,-0.222,-0.553,-0.658,-0.077,0.003,0.611,0.659,0.08,-0.88,-0.377,-1.723,0.391,-0.948,0.501,1.202,1.704,0.97,1.244,0.87,-0.479,0.651,0.926
2022-02-24,CTD10,4170388,695646,0.004375064,0.008570082,0.01976398,0.005510758,0.003679053,0.0010126999,0.0009965989,0.00039997455,1.2445,-0.395,66.088,0.217,-64.778,0.399,-155.124,0.564,-130.866,0.686,-221.212,0.199,-90.346,0.364,0.243,-1.28,-0.238,-3.066,-0.855,-1.122,-0.481,-1.896,-1.219,-0.774,-1.786,-1.218,0.131,0.194,1.164,1.142,0.065,-1.064,-0.234,-3.817,1.369,-1.257,2.051,0.808,1.639,3.157,4.729,0.457,-0.15,0.497,0.928
2022-02-24,CTD11,4169609,700351,0.0033277678,0.006200779,0.014576803,0.0048823054,0.0033941881,0.00097487925,0.0009615093,0.00038864452,0.613,-0.403,92.668,0.119,-43.551,0.293,-133.351,0.498,-136.219,0.622,-226.019,0.18,-89.8,0.452,0.315,-0.635,-0.148,-1.944,-0.651,-0.845,-0.462,-1.401,-1.103,-0.557,-1.309,-1.012,0.073,0.144,1.01,1.009,0.072,-1.013,-0.27,-3.025,1.037,-1.159,1.492,0.912,1.656,2.438,3.507,0.555,-0.212,0.533,0.924
2022-02-24,CTD12,4173438,695414,0.004411722,0.008252428,0.015406445,0.0033958675,0.0021310444,0.0005693562,0.00055363023,0.00022180803,0.5165,-0.302,56.269,0.417,-173.299,0.59,-348.077,0.639,-229.568,0.757,-404.346,0.229,-174.778,0.191,0.12,-2.67,-0.369,-5.363,-1.182,-1.894,-0.489,-3.337,-1.373,-1.442,-2.693,-1.294,0.277,0.326,1.157,1.14,0.053,-1.058,-0.092,-4.799,2.292,-0.664,3.652,0.273,1.239,4.279,6.818,0.273,-0.038,0.492,0.933
2022-07-14,CTD1,4187246,695025,0.007966208,0.0152056785,0.028615355,0.006515886,0.0041803527,0.0011312101,0.0011126127,0.00044682907,0.625,-0.306,30.819,0.4,-87.706,0.569,-173.449,0.629,-118.525,0.745,-204.268,0.218,-85.743,0.201,0.129,-2.51,-0.367,-4.963,-1.13,-1.802,-0.495,-3.106,-1.331,-1.304,-2.454,-1.254,0.265,0.314,1.14,1.125,0.053,-1.027,-0.11,-4.512,2.188,-0.754,3.41,0.323,1.24,4.117,6.417,0.282,-0.047,0.496,0.934
2022-07-14,CTD2,4181518,693105,0.0064397366,0.011534616,0.021188958,0.005630953,0.0036858767,0.001026312,0.0010098142,0.0004083339,0.6595,-0.295,39.501,0.344,-90.894,0.516,-184.61,0.58,-130.395,0.704,-224.111,0.209,-93.716,0.222,0.146,-1.926,-0.335,-3.912,-1.04,-1.504,-0.481,-2.585,-1.262,-1.081,-1.986,-1.036,0.237,0.293,1.022,1.02,0.059,-0.983,-0.11,-3.7,1.874,-0.634,2.864,0.309,1.182,3.443,5.261,0.314,-0.054,0.525,0.927
2022-07-14,CTD3,4181698,695238,0.009488224,0.014277549,0.014953832,0.0027703042,0.0016819098,0.00045836388,0.00044176882,0.0001772693,0.439,-0.023,3.168,0.675,-290.931,0.789,-524.522,0.687,-294.099,0.798,-527.69,0.244,-233.591,0.009,0.005,-4.351,-0.489,-7.844,-1.453,-4.199,-0.495,-7.534,-1.462,-3.335,-3.493,-0.152,0.692,0.711,0.763,0.779,0.037,-0.692,0.348,-3.737,5.041,3.091,8.304,-0.6,0.44,5.28,8.697,0.082,0.067,0.583,0.939
2022-07-14,CTD4,4180266,698264,0.009010917,0.013472018,0.017357767,0.004337559,0.0027445469,0.0007542785,0.00072893105,0.00029166034,0.4945,-0.126,16.617,0.513,-156.316,0.662,-290.131,0.6,-172.933,0.727,-306.748,0.225,-133.814,0.072,0.046,-2.713,-0.429,-5.036,-1.258,-2.33,-0.475,-4.133,-1.331,-1.803,-2.323,-0.549,0.454,0.494,0.803,0.821,0.052,-0.804,0.143,-3.219,2.948,0.907,4.659,-0.292,0.656,3.798,6.002,0.164,0.046,0.578,0.927
2022-07-14,CTD5,4179450,700268,0.01556713,0.026566321,0.034310468,0.0051502134,0.003094493,0.00082378974,0.00080204115,0.0003220647,0.5625,-0.127,8.496,0.675,-156.525,0.791,-285.513,0.739,-165.021,0.835,-294.009,0.249,-128.988,0.044,0.026,-5.37,-0.484,-9.796,-1.47,-4.384,-0.511,-7.811,-1.514,-3.427,-4.426,-0.939,0.573,0.595,0.983,0.984,0.034,-0.89,0.173,-5.929,5.068,1.923,8.435,-0.373,0.691,6.545,10.894,0.104,0.034,0.521,0.948
2022-07-14,CTD6,4176009,695829,0.009195562,0.016073462,0.025417149,0.0054003685,0.0034093757,0.00093047775,0.0009105496,0.00036705757,0.7929999999999999,-0.225,22.871,0.497,-122.958,0.65,-231.094,0.65,-145.829,0.763,-253.965,0.226,-108.136,0.124,0.078,-3.125,-0.419,-5.874,-1.248,-2.344,-0.497,-4.082,-1.372,-1.738,-2.749,-1.061,0.37,0.411,1.027,1.025,0.048,-0.952,0.001,-4.479,2.842,0.008,4.502,-0.003,0.95,4.494,7.119,0.202,0.0,0.518,0.935
2022-07-14,CTD7,4176724,690397,0.017698698,0.031771865,0.049141318,0.007890173,0.004787639,0.0012413196,0.0012094405,0.00048022647,2.258,-0.215,11.125,0.602,-95.266,0.738,-177.397,0.723,-106.39,0.822,-188.522,0.245,-82.131,0.088,0.053,-4.681,-0.456,-8.718,-1.4,-3.38,-0.509,-5.99,-1.487,-2.609,-4.036,-1.37,0.443,0.473,1.128,1.118,0.038,-1.001,0.04,-6.237,3.929,0.408,6.476,-0.101,0.94,6.077,10.016,0.151,0.01,0.49,0.946
2022-07-14,CTD8,4174178,693048,0.009661357,0.017515847,0.031280167,0.007397832,0.0047598705,0.0012899991,0.0012664454,0.0005070032,1.0685,-0.282,25.122,0.406,-78.084,0.573,-152.999,0.617,-103.206,0.736,-178.121,0.217,-74.915,0.186,0.12,-2.442,-0.372,-4.786,-1.132,-1.808,-0.491,-3.12,-1.318,-1.312,-2.343,-1.132,0.281,0.33,1.072,1.064,0.054,-0.994,-0.083,-4.204,2.216,-0.548,3.443,0.232,1.142,3.957,6.149,0.27,-0.035,0.511,0.932
2022-07-14,CTD9,4171106,693183,0.00992887,0.017369773,0.036560774,0.015525534,0.011546392,0.0034280906,0.0034015456,0.0013417078,0.873,-0.356,30.22,0.056,-6.839,0.201,-29.036,0.404,-37.058,0.52,-59.255,0.147,-22.197,0.469,0.349,-0.25,-0.079,-1.062,-0.451,-0.644,-0.428,-1.029,-0.92,-0.386,-0.812,-0.709,0.038,0.112,0.727,0.76,0.074,-0.87,-0.269,-2.048,0.803,-0.851,1.08,0.76,1.361,1.69,2.273,0.578,-0.24,0.61,0.924
2022-07-14,CTD10,4170388,695646,0.008207796,0.0146986125,0.02286496,0.0046341233,0.0029051332,0.00079389254,0.00077818043,0.0003148856,0.8425,-0.217,24.299,0.521,-147.757,0.67,-276.185,0.663,-172.056,0.775,-300.483,0.229,-128.428,0.113,0.071,-3.378,-0.429,-6.315,-1.28,-2.529,-0.5,-4.417,-1.392,-1.888,-2.936,-1.083,0.391,0.429,1.036,1.032,0.046,-0.952,0.016,-4.699,3.045,0.125,4.857,-0.04,0.929,4.736,7.555,0.188,0.005,0.515,0.937
2022-07-14,CTD11,4169609,700351,0.00786898,0.012354897,0.011858255,0.0019182859,0.0011403778,0.00030955172,0.0002986958,0.00011999946,0.724,0.021,-3.39,0.731,-440.359,0.831,-795.963,0.722,-436.969,0.825,-792.573,0.254,-355.604,-0.007,-0.004,-5.222,-0.502,-9.439,-1.527,-5.399,-0.498,-9.792,-1.52,-4.393,-4.217,0.162,0.803,0.814,0.737,0.751,0.032,-0.64,0.447,-3.958,6.344,4.652,10.672,-0.722,0.365,6.089,10.243,0.059,0.069,0.589,0.944
2022-07-14,CTD12,4173438,695414,0.00955772,0.017047878,0.027794413,0.005884691,0.0037201755,0.0010114711,0.000991278,0.0003991308,0.894,-0.24,22.68,0.487,-111.274,0.642,-210.146,0.651,-133.954,0.764,-232.826,0.225,-98.872,0.133,0.084,-3.093,-0.414,-5.841,-1.237,-2.284,-0.498,-3.969,-1.37,-1.686,-2.748,-1.119,0.354,0.396,1.055,1.05,0.048,-0.968,-0.019,-4.574,2.763,-0.141,4.371,0.049,0.998,4.505,7.126,0.211,-0.006,0.511,0.936
2022-07-29,CTD3,4181698,695238,0.0055511133,0.009172452,0.015192765,0.0045389105,0.002965483,0.00082479423,0.00080603233,0.00032453923,0.65,-0.247,43.201,0.338,-111.295,0.511,-228.191,0.54,-154.496,0.673,-271.392,0.21,-116.896,0.196,0.128,-1.691,-0.33,-3.467,-1.036,-1.417,-0.458,-2.489,-1.232,-1.072,-1.776,-0.802,0.255,0.315,0.878,0.892,0.065,-0.927,-0.05,-3.102,1.826,-0.254,2.794,0.126,1.003,3.024,4.628,0.3,-0.025,0.563,0.92
2022-08-03,CTD1,4187246,695025,0.0062400973,0.0100781,0.01656669,0.0051893485,0.0034081077,0.0009476118,0.0009253256,0.00037143772,0.449,-0.244,38.863,0.32,-93.477,0.495,-194.193,0.523,-132.34,0.659,-233.056,0.207,-100.716,0.202,0.132,-1.549,-0.319,-3.217,-1.008,-1.334,-0.451,-2.349,-1.209,-1.015,-1.669,-0.755,0.245,0.307,0.844,0.862,0.067,-0.914,-0.048,-2.919,1.736,-0.235,2.644,0.121,0.987,2.854,4.346,0.309,-0.025,0.573,0.918
2022-08-03,CTD2,4181518,693105,0.006917557,0.010921829,0.014315376,0.0032046845,0.0019992338,0.0005479516,0.00053000933,0.00021312288,0.6054999999999999,-0.134,21.705,0.546,-220.483,0.691,-408.632,0.634,-242.188,0.755,-430.337,0.232,-188.148,0.07,0.043,-3.156,-0.441,-5.85,-1.31,-2.645,-0.484,-4.7,-1.379,-2.055,-2.693,-0.652,0.473,0.509,0.86,0.872,0.048,-0.84,0.139,-3.752,3.268,0.996,5.239,-0.292,0.687,4.284,6.867,0.154,0.041,0.56,0.931
2022-08-03,CTD3,4181698,695238,0.0048179734,0.0074026245,0.012527849,0.0045075947,0.0030090173,0.0008503055,0.00082765316,0.0003326399,0.744,-0.257,55.265,0.243,-86.761,0.422,-197.247,0.471,-142.026,0.613,-252.512,0.199,-110.487,0.249,0.166,-1.087,-0.261,-2.471,-0.889,-1.051,-0.427,-1.869,-1.138,-0.818,-1.384,-0.682,0.186,0.258,0.77,0.799,0.075,-0.907,-0.077,-2.521,1.402,-0.319,2.1,0.194,1.025,2.373,3.555,0.369,-0.047,0.598,0.912
2022-08-03,CTD4,4180266,698264,0.0067946236,0.010063029,0.015019081,0.0054375553,0.0036034386,0.0010077936,0.0009774913,0.00039012622,0.6910000000000001,-0.198,32.792,0.298,-84.533,0.473,-178.139,0.468,-117.324,0.613,-210.931,0.203,-93.607,0.178,0.118,-1.27,-0.305,-2.675,-0.969,-1.181,-0.423,-2.123,-1.147,-0.942,-1.406,-0.548,0.248,0.316,0.701,0.736,0.073,-0.839,0.007,-2.317,1.611,0.031,2.431,-0.016,0.83,2.404,3.628,0.3,0.004,0.618,0.91
2022-08-03,CTD5,4179450,700268,0.015685232,0.024789104,0.029601365,0.0047214553,0.002854516,0.0007657011,0.00073956494,0.00029591372,0.5425,-0.088,6.558,0.68,-171.459,0.793,-309.982,0.725,-178.017,0.824,-316.54,0.246,-138.523,0.031,0.019,-5.075,-0.489,-9.176,-1.464,-4.413,-0.508,-7.847,-1.495,-3.434,-4.1,-0.635,0.618,0.639,0.9,0.906,0.034,-0.817,0.233,-5.12,5.154,2.415,8.525,-0.46,0.59,6.154,10.18,0.094,0.044,0.543,0.946
2022-08-03,CTD6,4176009,695829,0.008605094,0.013094567,0.019752108,0.006728207,0.0044395155,0.0012254817,0.0011913064,0.0004732463,0.884,-0.203,25.74,0.321,-72.26,0.494,-148.882,0.492,-98.0,0.633,-174.622,0.205,-76.622,0.173,0.114,-1.427,-0.321,-2.941,-1.002,-1.283,-0.435,-2.287,-1.175,-1.003,-1.513,-0.596,0.263,0.327,0.743,0.772,0.07,-0.853,0.003,-2.503,1.721,0.014,2.609,-0.007,0.849,2.597,3.935,0.289,0.002,0.603,0.914
2022-08-03,CTD7,4176724,690397,0.015869722,0.028182982,0.050080363,0.011073179,0.0070333406,0.0018368673,0.0017881539,0.0007017298,2.629,-0.28,15.514,0.436,-54.826,0.601,-106.698,0.638,-70.34,0.754,-122.212,0.223,-51.872,0.172,0.109,-2.746,-0.386,-5.343,-1.181,-1.982,-0.495,-3.444,-1.353,-1.462,-2.598,-1.209,0.3,0.346,1.108,1.097,0.052,-1.012,-0.072,-4.575,2.405,-0.516,3.786,0.203,1.142,4.273,6.728,0.252,-0.028,0.502,0.934
2022-08-03,CTD8,4174178,693048,0.011193133,0.018712,0.03437419,0.011448548,0.0077041043,0.002113552,0.0020713073,0.00081621384,1.572,-0.295,24.35,0.241,-33.906,0.417,-76.359,0.5,-58.256,0.634,-100.709,0.196,-42.454,0.279,0.188,-1.165,-0.261,-2.625,-0.874,-1.09,-0.449,-1.884,-1.153,-0.794,-1.459,-0.818,0.173,0.24,0.868,0.884,0.071,-0.942,-0.129,-2.827,1.41,-0.574,2.096,0.351,1.164,2.591,3.85,0.388,-0.079,0.568,0.918
2022-08-03,CTD9,4171106,693183,0.010243765,0.016666586,0.032463238,0.014453444,0.01047749,0.0030525401,0.0030126662,0.0011866373,1.526,-0.322,29.196,0.071,-9.187,0.228,-35.442,0.384,-38.384,0.512,-64.639,0.159,-26.255,0.422,0.306,-0.298,-0.096,-1.151,-0.512,-0.64,-0.402,-1.077,-0.934,-0.438,-0.852,-0.634,0.052,0.132,0.663,0.706,0.081,-0.866,-0.212,-1.945,0.83,-0.655,1.145,0.568,1.223,1.617,2.231,0.544,-0.183,0.633,0.915
2022-08-03,CTD10,4170388,695646,0.0074208146,0.012740545,0.018912915,0.0038992541,0.0024383075,0.0006667071,0.0006497524,0.00026230936,1.1365,-0.195,25.616,0.531,-177.97,0.679,-331.631,0.658,-203.585,0.772,-357.247,0.231,-153.661,0.1,0.062,-3.366,-0.434,-6.272,-1.293,-2.594,-0.496,-4.552,-1.393,-1.958,-2.906,-0.974,0.414,0.452,0.989,0.99,0.046,-0.926,0.048,-4.489,3.139,0.375,5.019,-0.115,0.859,4.659,7.451,0.177,0.015,0.526,0.936
2022-08-03,CTD11,4169609,700351,0.005331474,0.008082893,0.011802153,0.003959287,0.0025714645,0.0007102778,0.0006873399,0.00027442572,0.85,-0.187,38.988,0.342,-128.853,0.517,-265.165,0.498,-167.84,0.642,-304.153,0.213,-136.313,0.154,0.1,-1.521,-0.331,-3.13,-1.05,-1.357,-0.432,-2.458,-1.204,-1.102,-1.609,-0.569,0.287,0.35,0.736,0.767,0.07,-0.855,0.035,-2.548,1.824,0.162,2.808,-0.08,0.811,2.663,4.1,0.272,0.017,0.606,0.912
2022-08-03,CTD12,4173438,695414,0.013346806,0.021944348,0.03875979,0.011976859,0.007967907,0.0021699378,0.0021209095,0.00083421136,1.1005,-0.277,19.77,0.294,-37.925,0.467,-79.934,0.528,-57.694,0.659,-99.704,0.201,-42.009,0.237,0.158,-1.47,-0.302,-3.098,-0.957,-1.266,-0.46,-2.188,-1.194,-0.922,-1.628,-0.843,0.213,0.275,0.895,0.908,0.066,-0.937,-0.099,-3.032,1.627,-0.482,2.445,0.263,1.101,2.873,4.319,0.34,-0.054,0.559,0.921
2022-09-07,CTD1,4187246,695025,0.0039052307,0.0061950376,0.011591268,0.005396663,0.0037687,0.0010908844,0.0010727202,0.00043150724,3.368,-0.303,75.148,0.069,-23.88,0.244,-103.924,0.365,-99.028,0.509,-179.072,0.178,-80.044,0.406,0.283,-0.277,-0.09,-1.205,-0.561,-0.613,-0.373,-1.109,-0.966,-0.496,-0.928,-0.589,0.052,0.143,0.622,0.675,0.092,-0.898,-0.164,-1.928,0.823,-0.504,1.178,0.439,1.173,1.54,2.205,0.546,-0.143,0.652,0.904
2022-09-07,CTD2,4181518,693105,0.004249825,0.0068758326,0.011783508,0.0041868235,0.0027693084,0.0007716341,0.0007522194,0.00030189464,1.8505,-0.263,60.573,0.243,-93.408,0.426,-215.664,0.476,-153.98,0.619,-276.237,0.204,-122.256,0.254,0.168,-1.101,-0.259,-2.541,-0.903,-1.059,-0.426,-1.899,-1.157,-0.841,-1.441,-0.706,0.185,0.257,0.788,0.815,0.076,-0.928,-0.078,-2.613,1.407,-0.332,2.128,0.202,1.052,2.412,3.646,0.374,-0.047,0.593,0.911
2022-09-07,CTD3,4181698,695238,0.0048839273,0.007982244,0.01076974,0.0022452453,0.0013785993,0.00037527087,0.00036207118,0.0001454761,1.317,-0.149,32.425,0.561,-320.108,0.705,-600.096,0.655,-352.533,0.773,-632.521,0.239,-279.988,0.073,0.045,-3.447,-0.441,-6.463,-1.347,-2.814,-0.486,-5.049,-1.42,-2.235,-3.015,-0.769,0.472,0.507,0.911,0.918,0.046,-0.887,0.127,-4.257,3.427,0.993,5.582,-0.279,0.735,4.624,7.531,0.153,0.036,0.545,0.933
2022-09-07,CTD4,4180266,698264,0.0050667934,0.0077892216,0.012308532,0.0045767673,0.0030327162,0.0008482361,0.00082457846,0.0003302453,0.5735,-0.225,47.138,0.26,-90.112,0.44,-201.355,0.458,-137.25,0.605,-248.493,0.203,-111.243,0.216,0.143,-1.109,-0.273,-2.478,-0.922,-1.069,-0.416,-1.936,-1.137,-0.866,-1.369,-0.594,0.209,0.282,0.714,0.75,0.077,-0.876,-0.03,-2.357,1.456,-0.121,2.197,0.071,0.918,2.3,3.471,0.341,-0.018,0.615,0.909
2022-09-07,CTD5,4179450,700268,0.008448231,0.014273509,0.019183418,0.003222516,0.0019564598,0.0005252686,0.0005070186,0.00020340101,0.5675,-0.147,17.932,0.632,-240.257,0.759,-441.067,0.712,-258.188,0.815,-458.999,0.244,-200.811,0.058,0.035,-4.609,-0.47,-8.461,-1.421,-3.685,-0.505,-6.552,-1.479,-2.866,-3.852,-0.948,0.523,0.55,0.983,0.985,0.038,-0.903,0.137,-5.376,4.327,1.343,7.128,-0.303,0.737,5.816,9.579,0.124,0.031,0.523,0.943
2022-09-07,CTD6,4176009,695829,0.006217218,0.009919365,0.014208459,0.003525633,0.0022255015,0.0006091131,0.00058966066,0.00023652293,0.943,-0.178,30.432,0.476,-182.824,0.634,-348.524,0.602,-213.256,0.729,-378.956,0.226,-165.7,0.107,0.068,-2.598,-0.407,-4.952,-1.229,-2.115,-0.475,-3.759,-1.336,-1.644,-2.354,-0.746,0.389,0.434,0.88,0.891,0.054,-0.886,0.067,-3.571,2.657,0.427,4.209,-0.152,0.801,3.806,6.029,0.199,0.024,0.557,0.927
2022-09-07,CTD7,4176724,690397,0.031057559,0.051630322,0.10074506,0.032673433,0.0226607,0.0058732443,0.0056356457,0.002093521,5.008,-0.322,9.442,0.225,-11.237,0.39,-24.761,0.51,-20.68,0.633,-34.203,0.181,-13.523,0.309,0.214,-1.132,-0.255,-2.495,-0.809,-1.068,-0.469,-1.766,-1.118,-0.698,-1.362,-0.888,0.154,0.217,0.916,0.926,0.066,-0.929,-0.181,-2.866,1.355,-0.805,1.954,0.509,1.258,2.644,3.813,0.408,-0.115,0.553,0.925
2022-09-07,CTD8,4174178,693048,0.016222276,0.028454414,0.053430084,0.014309624,0.009355952,0.002450606,0.0023846428,0.00092544383,2.44,-0.305,16.428,0.331,-34.739,0.505,-71.74,0.578,-51.167,0.702,-88.168,0.209,-37.001,0.235,0.154,-1.856,-0.325,-3.833,-1.027,-1.456,-0.479,-2.509,-1.262,-1.053,-1.977,-1.055,0.225,0.282,1.035,1.031,0.06,-0.997,-0.121,-3.722,1.813,-0.693,2.773,0.348,1.224,3.405,5.208,0.328,-0.061,0.522,0.927
2022-09-07,CTD9,4171106,693183,0.010062002,0.016877107,0.03372269,0.014385632,0.010277652,0.002943953,0.0029049262,0.0011420272,2.476,-0.333,29.598,0.08,-10.262,0.243,-38.047,0.402,-39.86,0.533,-67.645,0.167,-27.785,0.426,0.304,-0.346,-0.105,-1.283,-0.547,-0.673,-0.41,-1.142,-0.973,-0.469,-0.937,-0.683,0.057,0.137,0.712,0.75,0.081,-0.899,-0.214,-2.108,0.868,-0.702,1.216,0.598,1.284,1.735,2.429,0.548,-0.182,0.618,0.915
2022-09-07,CTD10,4170388,695646,0.004964556,0.008053313,0.013539702,0.0046873065,0.003087569,0.0008534189,0.0008321145,0.00033292273,0.8065,-0.254,50.316,0.264,-89.17,0.446,-199.707,0.486,-139.485,0.629,-250.023,0.206,-110.537,0.236,0.155,-1.207,-0.275,-2.704,-0.936,-1.123,-0.431,-2.014,-1.172,-0.89,-1.497,-0.706,0.202,0.272,0.795,0.82,0.074,-0.923,-0.064,-2.667,1.49,-0.28,2.262,0.163,1.023,2.505,3.803,0.354,-0.037,0.59,0.912
2022-09-07,CTD11,4169609,700351,0.0044541936,0.00729203,0.011001024,0.0028945014,0.0018262657,0.0004979434,0.00048209948,0.00019323353,0.2035,-0.203,46.235,0.432,-208.347,0.599,-410.429,0.583,-254.582,0.715,-456.665,0.226,-202.083,0.134,0.084,-2.292,-0.38,-4.515,-1.188,-1.856,-0.465,-3.33,-1.322,-1.474,-2.223,-0.786,0.343,0.393,0.889,0.901,0.058,-0.922,0.032,-3.505,2.353,0.192,3.73,-0.076,0.878,3.55,5.627,0.231,0.013,0.557,0.923
2022-09-07,CTD12,4173438,695414,0.008720515,0.014480739,0.022353804,0.005308442,0.0033652596,0.00090994796,0.0008846046,0.00035331407,1.2265,-0.214,24.322,0.464,-119.322,0.623,-228.097,0.616,-143.644,0.738,-252.419,0.224,-108.775,0.129,0.082,-2.667,-0.402,-5.099,-1.211,-2.08,-0.483,-3.655,-1.34,-1.575,-2.432,-0.908,0.357,0.402,0.955,0.96,0.053,-0.93,0.014,-3.915,2.577,0.092,4.066,-0.034,0.91,3.979,6.276,0.216,0.005,0.537,0.93
2022-09-27,CTD1,4187246,695025,0.0052677244,0.008399631,0.014773422,0.0055867922,0.003770095,0.0010626223,0.00103846,0.00041615745,0.73,-0.275,51.364,0.201,-59.941,0.38,-146.192,0.451,-111.304,0.593,-197.556,0.194,-86.252,0.287,0.194,-0.886,-0.226,-2.16,-0.817,-0.935,-0.42,-1.659,-1.104,-0.724,-1.274,-0.681,0.152,0.227,0.755,0.787,0.078,-0.913,-0.106,-2.415,1.248,-0.416,1.85,0.277,1.084,2.196,3.253,0.41,-0.071,0.604,0.911
2022-09-27,CTD2,4181518,693105,0.005063665,0.0081872195,0.013030737,0.00386689,0.0024937077,0.0006853553,0.0006655209,0.0002668174,0.75,-0.228,45.4,0.358,-136.464,0.533,-278.868,0.542,-181.864,0.679,-324.268,0.216,-142.404,0.176,0.113,-1.778,-0.34,-3.634,-1.078,-1.489,-0.454,-2.655,-1.254,-1.166,-1.856,-0.761,0.278,0.337,0.858,0.874,0.065,-0.922,-0.017,-3.108,1.926,-0.087,2.986,0.041,0.947,3.065,4.753,0.281,-0.008,0.568,0.919
2022-09-27,CTD3,4181698,695238,0.0046684565,0.008095247,0.014310907,0.0036769626,0.0023548724,0.0006467387,0.0006301838,0.00025395362,0.765,-0.277,53.653,0.375,-148.434,0.549,-301.122,0.591,-202.087,0.717,-354.775,0.219,-152.688,0.197,0.126,-2.124,-0.35,-4.309,-1.107,-1.636,-0.476,-2.872,-1.304,-1.236,-2.185,-1.03,0.265,0.319,1.018,1.016,0.059,-0.996,-0.075,-3.876,2.037,-0.454,3.181,0.206,1.127,3.601,5.623,0.29,-0.034,0.525,0.927
2022-09-27,CTD4,4180266,698264,0.004041238,0.006626165,0.011398426,0.0036300088,0.0023699063,0.0006586452,0.0006412155,0.0002580975,0.705,-0.265,63.185,0.292,-124.565,0.473,-271.041,0.517,-187.75,0.656,-334.226,0.21,-146.476,0.229,0.15,-1.42,-0.295,-3.089,-0.984,-1.244,-0.445,-2.215,-1.213,-0.971,-1.67,-0.795,0.218,0.283,0.864,0.88,0.07,-0.95,-0.072,-2.984,1.617,-0.344,2.477,0.189,1.067,2.782,4.262,0.34,-0.039,0.569,0.916
2022-09-27,CTD5,4179450,700268,0.015758848,0.024414102,0.040634666,0.011918047,0.0078071556,0.0020902376,0.0020211446,0.00078811974,1.4175,-0.249,16.35,0.344,-42.946,0.515,-87.128,0.546,-59.297,0.678,-103.478,0.208,-44.181,0.195,0.128,-1.745,-0.335,-3.54,-1.038,-1.448,-0.463,-2.526,-1.233,-1.079,-1.795,-0.822,0.258,0.316,0.891,0.904,0.063,-0.926,-0.054,-3.156,1.856,-0.282,2.834,0.138,1.009,3.09,4.717,0.296,-0.026,0.559,0.922
2022-09-27,CTD6,4176009,695829,0.009366941,0.015163261,0.024533058,0.006928074,0.0044917753,0.0012176346,0.0011830608,0.0004693004,1.145,-0.236,25.188,0.373,-78.391,0.543,-156.68,0.56,-103.579,0.69,-181.868,0.213,-78.289,0.175,0.113,-1.923,-0.352,-3.844,-1.085,-1.571,-0.465,-2.758,-1.26,-1.187,-1.921,-0.82,0.284,0.339,0.896,0.907,0.061,-0.924,-0.03,-3.273,2.006,-0.165,3.093,0.076,0.97,3.245,5.005,0.274,-0.014,0.557,0.923
2022-09-27,CTD7,4176724,690397,0.017539717,0.030940011,0.06283562,0.020891739,0.014392666,0.0038341791,0.0037287744,0.0014255889,8.405,-0.34,16.406,0.194,-15.545,0.365,-37.159,0.501,-31.951,0.627,-53.565,0.184,-21.614,0.343,0.236,-0.977,-0.224,-2.335,-0.776,-0.989,-0.46,-1.657,-1.119,-0.669,-1.358,-0.904,0.13,0.198,0.925,0.935,0.069,-0.959,-0.197,-2.885,1.252,-0.858,1.817,0.579,1.342,2.542,3.691,0.446,-0.133,0.553,0.922
2022-09-27,CTD8,4174178,693048,0.014374246,0.024974916,0.049403727,0.016657835,0.011424162,0.0030968802,0.0030259446,0.001171612,2.465,-0.328,19.799,0.2,-19.992,0.372,-47.494,0.496,-39.79,0.624,-67.292,0.186,-27.502,0.33,0.226,-0.988,-0.228,-2.346,-0.791,-0.994,-0.455,-1.681,-1.121,-0.687,-1.359,-0.87,0.137,0.205,0.9,0.912,0.07,-0.953,-0.18,-2.825,1.268,-0.78,1.849,0.52,1.292,2.508,3.658,0.436,-0.12,0.56,0.921
2022-09-27,CTD9,4171106,693183,0.0145206265,0.022677157,0.0447142,0.024976904,0.019219963,0.005817567,0.0057392134,0.0022236907,,-0.327,21.733,-0.048,4.06,0.083,-7.932,0.283,-17.673,0.399,-29.665,0.13,-11.992,0.543,0.418,0.182,0.078,-0.355,-0.198,-0.401,-0.34,-0.673,-0.741,-0.272,-0.536,-0.499,-0.036,0.05,0.471,0.535,0.085,-0.792,-0.262,-1.419,0.478,-0.61,0.621,0.672,1.202,0.943,1.225,0.672,-0.289,0.707,0.917
2022-09-27,CTD10,4170388,695646,0.012116487,0.020802641,0.041268766,0.014551332,0.010038473,0.0027646227,0.0027070343,0.0010557256,2.395,-0.33,23.839,0.177,-20.651,0.349,-51.546,0.479,-44.491,0.609,-75.385,0.184,-30.895,0.347,0.239,-0.852,-0.207,-2.127,-0.75,-0.926,-0.447,-1.568,-1.097,-0.643,-1.275,-0.832,0.122,0.193,0.866,0.883,0.073,-0.945,-0.186,-2.681,1.186,-0.764,1.72,0.534,1.294,2.354,3.412,0.456,-0.13,0.57,0.919
2022-09-27,CTD11,4169609,700351,0.0038812314,0.0065307994,0.012281374,0.0044317516,0.0029632673,0.00082747877,0.00080970826,0.00032509162,0.94,-0.306,71.696,0.191,-72.524,0.376,-184.345,0.47,-144.22,0.611,-256.041,0.199,-111.821,0.318,0.212,-0.891,-0.215,-2.264,-0.817,-0.942,-0.427,-1.672,-1.135,-0.73,-1.373,-0.778,0.138,0.213,0.827,0.85,0.078,-0.964,-0.137,-2.671,1.232,-0.567,1.843,0.385,1.212,2.317,3.466,0.437,-0.093,0.583,0.912
2022-09-27,CTD12,4173438,695414,0.01319121,0.023012329,0.04312337,0.01177564,0.007711991,0.0020466382,0.0019945172,0.0007799824,2.2,-0.304,20.266,0.323,-41.466,0.498,-86.213,0.571,-61.732,0.697,-106.479,0.209,-44.747,0.239,0.156,-1.788,-0.32,-3.718,-1.015,-1.421,-0.476,-2.45,-1.254,-1.03,-1.93,-1.032,0.221,0.279,1.02,1.018,0.061,-0.993,-0.121,-3.637,1.775,-0.678,2.711,0.347,1.219,3.327,5.08,0.333,-0.062,0.526,0.926
2023-01-10,CTD1,4187246,695025,0.001725914,0.0026547231,0.005274554,0.0025691004,0.001786673,0.0005206419,0.0005103579,0.0002062687,0.7575000000000001,-0.33,187.098,0.016,-12.554,0.195,-183.012,0.345,-199.652,0.494,-370.11,0.18,-170.458,0.481,0.334,-0.066,-0.022,-0.965,-0.47,-0.53,-0.357,-0.983,-0.951,-0.453,-0.899,-0.601,0.012,0.111,0.609,0.668,0.099,-0.935,-0.192,-1.919,0.695,-0.567,0.999,0.549,1.291,1.38,1.984,0.629,-0.186,0.659,0.9
2023-01-10,CTD2,4181518,693105,0.0023079712,0.003594858,0.005094933,0.0013504182,0.00082259695,0.00021866264,0.00020911195,8.256867e-05,0.5740000000000001,-0.173,81.902,0.454,-462.336,0.628,-937.487,0.581,-544.238,0.722,-1019.389,0.243,-475.151,0.111,0.067,-2.356,-0.38,-4.776,-1.266,-1.956,-0.448,-3.665,-1.377,-1.708,-2.421,-0.69,0.379,0.43,0.848,0.864,0.061,-0.936,0.096,-3.532,2.501,0.597,4.105,-0.224,0.808,3.544,5.818,0.214,0.036,0.569,0.918
2023-01-10,CTD3,4181698,695238,0.0028235205,0.0044943374,0.005952624,0.0013560185,0.0008136786,0.00021462656,0.00020523574,8.099514e-05,0.56,-0.14,54.509,0.536,-514.951,0.693,-1006.484,0.629,-569.46,0.759,-1060.993,0.25,-491.533,0.074,0.044,-3.065,-0.419,-5.991,-1.365,-2.559,-0.463,-4.768,-1.439,-2.209,-2.926,-0.672,0.464,0.504,0.866,0.878,0.052,-0.912,0.155,-4.001,3.178,1.134,5.296,-0.342,0.724,4.209,7.014,0.165,0.047,0.56,0.926
2023-01-10,CTD4,4180266,698264,0.0052791117,0.00870132,0.0118882805,0.0023743857,0.0014388165,0.00038001995,0.00036469632,0.00014481026,0.6025,-0.155,30.809,0.571,-306.236,0.716,-580.091,0.667,-337.045,0.784,-610.899,0.245,-273.854,0.073,0.044,-3.641,-0.441,-6.896,-1.377,-2.933,-0.485,-5.316,-1.451,-2.383,-3.256,-0.836,0.475,0.509,0.938,0.943,0.045,-0.918,0.126,-4.598,3.544,1.041,5.848,-0.284,0.76,4.842,7.99,0.152,0.034,0.538,0.934
2023-01-10,CTD5,4179450,700268,0.007911536,0.013807026,0.021057112,0.0035391275,0.0021398228,0.0005606917,0.0005390192,0.0002144851,0.5549999999999999,-0.208,24.937,0.592,-210.129,0.732,-394.902,0.712,-235.066,0.816,-419.839,0.246,-184.773,0.088,0.053,-4.425,-0.45,-8.315,-1.398,-3.246,-0.503,-5.797,-1.486,-2.551,-3.891,-1.277,0.443,0.474,1.099,1.091,0.04,-0.998,0.051,-5.939,3.8,0.503,6.284,-0.129,0.92,5.795,9.584,0.155,0.013,0.498,0.943
2023-01-10,CTD6,4176009,695829,0.0053876597,0.007856277,0.011854507,0.0042941724,0.0027880243,0.00075397216,0.00072472054,0.00028612392,0.6685,-0.203,42.931,0.293,-105.587,0.476,-231.39,0.468,-148.518,0.619,-274.321,0.213,-125.803,0.184,0.12,-1.252,-0.294,-2.743,-0.994,-1.167,-0.414,-2.155,-1.178,-0.988,-1.491,-0.565,0.243,0.314,0.71,0.746,0.076,-0.877,0.013,-2.422,1.594,0.057,2.456,-0.031,0.86,2.406,3.705,0.311,0.007,0.616,0.907
2023-01-10,CTD7,4176724,690397,0.015882075,0.028305594,0.047560766,0.007974068,0.004838343,0.0012284367,0.0011835443,0.0004644114,1.6389999999999998,-0.254,14.303,0.56,-90.078,0.708,-171.354,0.713,-104.381,0.815,-185.657,0.245,-81.276,0.114,0.069,-4.284,-0.436,-8.15,-1.366,-2.955,-0.505,-5.255,-1.48,-2.301,-3.866,-1.503,0.388,0.423,1.194,1.178,0.041,-1.053,-0.012,-6.28,3.448,-0.114,5.683,0.032,1.074,5.793,9.548,0.18,-0.003,0.478,0.944
2023-01-10,CTD8,4174178,693048,0.0063634557,0.011219674,0.019305343,0.003781884,0.0023338122,0.0006173029,0.00059479114,0.00023712771,1.1165,-0.265,37.33,0.496,-175.289,0.656,-339.354,0.672,-212.619,0.784,-376.684,0.237,-164.065,0.141,0.087,-3.384,-0.409,-6.551,-1.283,-2.386,-0.496,-4.226,-1.425,-1.841,-3.167,-1.322,0.344,0.385,1.145,1.131,0.047,-1.039,-0.036,-5.305,2.846,-0.297,4.612,0.1,1.104,4.897,7.935,0.216,-0.012,0.491,0.937
2023-01-10,CTD9,4171106,693183,0.009040141,0.015192944,0.030545214,0.012470699,0.0087075755,0.0024441893,0.002397395,0.0009447524,0.556,-0.336,33.082,0.098,-14.368,0.271,-49.023,0.42,-47.45,0.556,-82.104,0.178,-34.655,0.413,0.288,-0.439,-0.125,-1.497,-0.611,-0.721,-0.413,-1.247,-1.024,-0.527,-1.059,-0.725,0.069,0.151,0.756,0.789,0.082,-0.935,-0.201,-2.29,0.933,-0.705,1.337,0.578,1.312,1.876,2.687,0.536,-0.165,0.605,0.913
2023-01-10,CTD10,4170388,695646,0.0028006434,0.00441514,0.0069991397,0.0021984212,0.0013841426,0.00036957042,0.00035531304,0.0001406488,0.72,-0.226,83.619,0.335,-228.379,0.523,-495.976,0.522,-311.997,0.67,-579.594,0.227,-267.597,0.184,0.116,-1.598,-0.316,-3.471,-1.09,-1.378,-0.432,-2.559,-1.274,-1.181,-1.873,-0.721,0.264,0.33,0.828,0.849,0.071,-0.957,0.001,-3.048,1.811,0.006,2.876,-0.003,0.956,2.87,4.559,0.3,0.001,0.579,0.911
2023-01-10,CTD11,4169609,700351,0.003910049,0.006937521,0.012277499,0.0027541071,0.001713339,0.00045490245,0.00043961575,0.00017518806,0.55,-0.278,62.694,0.432,-218.95,0.604,-439.512,0.634,-281.644,0.755,-502.206,0.233,-220.562,0.173,0.107,-2.688,-0.375,-5.396,-1.21,-1.954,-0.483,-3.484,-1.383,-1.53,-2.708,-1.195,0.299,0.348,1.101,1.09,0.054,-1.042,-0.057,-4.647,2.379,-0.409,3.825,0.162,1.148,4.211,6.769,0.257,-0.023,0.504,0.931
2023-01-10,CTD12,4173438,695414,0.0033338785,0.0053151916,0.008033497,0.0022368594,0.001392757,0.00037087745,0.0003564536,0.00014129416,0.7484999999999999,-0.204,63.661,0.408,-258.915,0.585,-529.86,0.564,-322.577,0.704,-593.522,0.233,-270.945,0.142,0.089,-2.08,-0.361,-4.257,-1.185,-1.715,-0.449,-3.155,-1.328,-1.44,-2.177,-0.749,0.327,0.382,0.864,0.879,0.063,-0.944,0.039,-3.392,2.203,0.225,3.538,-0.095,0.889,3.329,5.347,0.247,0.016,0.566,0.918
2023-03-01,CTD1,4187246,695025,0.00489299,0.0076099173,0.008138617,0.0013866492,0.00082484446,0.00022197196,0.0002113992,8.397832e-05,0.7415,-0.034,8.536,0.692,-589.755,0.804,-1080.942,0.709,-598.292,0.816,-1089.479,0.254,-491.187,0.012,0.007,-4.8,-0.486,-8.797,-1.499,-4.553,-0.493,-8.291,-1.511,-3.738,-3.998,-0.239,0.694,0.712,0.8,0.813,0.036,-0.746,0.34,-4.379,5.387,3.357,9.056,-0.612,0.475,5.761,9.685,0.081,0.062,0.571,0.941
2023-03-01,CTD2,4181518,693105,0.005612981,0.008060698,0.007581153,0.0014668487,0.00086715363,0.00023054713,0.00022009325,8.7052766e-05,0.4629999999999999,0.031,-7.847,0.692,-557.675,0.806,-1029.139,0.676,-549.828,0.795,-1021.292,0.257,-471.465,-0.012,-0.007,-4.228,-0.484,-7.802,-1.51,-4.432,-0.477,-8.232,-1.498,-3.8,-3.574,0.205,0.78,0.795,0.685,0.705,0.038,-0.628,0.472,-3.247,5.381,4.127,9.102,-0.751,0.349,5.061,8.561,0.068,0.086,0.609,0.934
2023-03-01,CTD3,4181698,695238,0.0071803858,0.010633996,0.01123,0.002205901,0.0013297856,0.00035691384,0.00034138703,0.00013571109,0.522,-0.027,4.991,0.656,-359.291,0.778,-657.963,0.672,-364.282,0.788,-662.954,0.248,-298.671,0.011,0.007,-4.035,-0.478,-7.389,-1.451,-3.874,-0.484,-7.05,-1.462,-3.176,-3.354,-0.169,0.671,0.692,0.754,0.771,0.04,-0.712,0.344,-3.624,4.702,2.906,7.8,-0.603,0.453,4.966,8.238,0.089,0.071,0.587,0.935
2023-03-01,CTD4,4180266,698264,0.017228924,0.02649159,0.0410533,0.010159986,0.0064848303,0.0017177151,0.0016543291,0.00064670754,1.045,-0.216,13.389,0.446,-60.678,0.607,-116.458,0.603,-74.067,0.727,-129.847,0.221,-55.781,0.136,0.087,-2.491,-0.393,-4.781,-1.183,-1.962,-0.48,-3.44,-1.319,-1.478,-2.29,-0.875,0.344,0.391,0.937,0.943,0.054,-0.921,0.007,-3.723,2.449,0.044,3.838,-0.017,0.911,3.796,5.947,0.226,0.003,0.543,0.928
2023-03-01,CTD5,4179450,700268,0.03924691,0.056736708,0.08056327,0.0155927,0.009670434,0.002477343,0.0023548133,0.00090186996,5.574999999999999,-0.174,5.213,0.569,-46.507,0.709,-85.783,0.676,-51.72,0.786,-90.995,0.234,-39.275,0.081,0.05,-3.747,-0.45,-6.911,-1.338,-2.934,-0.5,-5.163,-1.419,-2.228,-3.164,-0.943,0.456,0.489,0.978,0.98,0.043,-0.908,0.084,-4.692,3.519,0.7,5.673,-0.192,0.8,4.996,8.056,0.155,0.023,0.527,0.938
2023-03-01,CTD6,4176009,695829,0.010053274,0.014168774,0.012527849,0.0022962808,0.0013796054,0.0003738001,0.00035759812,0.00014241636,0.762,0.061,-9.244,0.721,-364.909,0.823,-654.267,0.69,-355.665,0.802,-645.023,0.249,-289.358,-0.021,-0.013,-4.572,-0.503,-8.197,-1.502,-5.039,-0.491,-9.139,-1.481,-4.1,-3.625,0.446,0.854,0.863,0.658,0.677,0.034,-0.533,0.53,-2.91,6.06,4.814,10.087,-0.78,0.283,5.358,8.919,0.052,0.086,0.617,0.938
2023-03-01,CTD7,4176724,690397,0.019194614,0.031621046,0.04227318,0.0054768585,0.0032241317,0.0008345672,0.0008003839,0.000317306,0.7325,-0.144,7.969,0.705,-150.962,0.815,-278.537,0.771,-158.931,0.858,-286.505,0.259,-127.575,0.044,0.026,-6.382,-0.487,-11.775,-1.526,-5.026,-0.512,-9.06,-1.569,-4.034,-5.393,-1.224,0.575,0.595,1.056,1.053,0.03,-0.951,0.159,-7.338,5.697,2.089,9.678,-0.362,0.748,7.617,12.938,0.097,0.028,0.502,0.953
2023-03-01,CTD8,4174178,693048,0.028552605,0.04423268,0.06460487,0.011083568,0.0067226468,0.0017049888,0.001626854,0.0006300188,1.2085,-0.187,7.129,0.599,-67.616,0.736,-126.143,0.707,-74.745,0.811,-133.272,0.245,-58.527,0.079,0.048,-4.368,-0.455,-8.149,-1.398,-3.306,-0.502,-5.895,-1.477,-2.589,-3.781,-1.144,0.465,0.496,1.05,1.046,0.04,-0.964,0.078,-5.619,3.887,0.751,6.408,-0.188,0.854,5.677,9.359,0.147,0.02,0.508,0.942
2023-03-01,CTD9,4171106,693183,0.014069576,0.022932509,0.042200193,0.013484936,0.009019676,0.0024168505,0.0023458372,0.00091038225,0.0,-0.296,19.91,0.259,-30.551,0.435,-67.263,0.516,-50.46,0.648,-87.172,0.198,-36.712,0.268,0.18,-1.289,-0.276,-2.838,-0.907,-1.157,-0.455,-1.999,-1.176,-0.842,-1.549,-0.856,0.184,0.25,0.899,0.911,0.069,-0.952,-0.125,-2.978,1.487,-0.587,2.223,0.345,1.171,2.736,4.091,0.374,-0.074,0.559,0.92
2023-03-01,CTD10,4170388,695646,0.011397652,0.017482784,0.017852474,0.0024153313,0.001409646,0.00037015072,0.00035135227,0.00013890475,1.5415,-0.01,1.184,0.757,-356.823,0.851,-652.199,0.762,-358.007,0.854,-653.383,0.263,-295.376,0.003,0.002,-6.37,-0.503,-11.643,-1.575,-6.259,-0.505,-11.423,-1.578,-5.164,-5.273,-0.097,0.782,0.793,0.817,0.826,0.028,-0.734,0.396,-5.426,7.159,5.011,12.267,-0.692,0.438,7.311,12.526,0.059,0.055,0.563,0.95
2023-03-01,CTD11,4169609,700351,0.013788256,0.022586811,0.036295425,0.007696544,0.004817303,0.001264932,0.0012178594,0.00047922344,3.5425,-0.233,16.722,0.492,-85.655,0.648,-163.311,0.65,-102.377,0.766,-180.033,0.23,-77.657,0.129,0.081,-3.109,-0.413,-5.927,-1.257,-2.312,-0.493,-4.066,-1.386,-1.754,-2.819,-1.095,0.362,0.404,1.044,1.039,0.049,-0.975,-0.004,-4.6,2.802,-0.027,4.477,0.009,0.981,4.503,7.194,0.208,-0.001,0.514,0.935
2023-03-01,CTD12,4173438,695414,0.00808138,0.011891788,0.012413817,0.0024070821,0.0014541788,0.00039094675,0.00037404822,0.00014879256,0.9125,-0.021,3.536,0.663,-331.349,0.782,-603.582,0.675,-334.885,0.79,-607.118,0.247,-272.233,0.009,0.005,-4.113,-0.482,-7.493,-1.453,-3.982,-0.487,-7.22,-1.461,-3.237,-3.379,-0.135,0.684,0.704,0.75,0.766,0.039,-0.697,0.354,-3.596,4.823,3.02,7.984,-0.611,0.44,5.035,8.334,0.085,0.072,0.588,0.936
2023-03-16,CTD1,4187246,695025,0.0028124799,0.0050281626,0.00936806,0.002853783,0.0018577711,0.00051792816,0.0005103579,0.00020705801,0.595,-0.301,92.134,0.276,-151.532,0.46,-339.4,0.533,-243.666,0.669,-431.534,0.211,-187.867,0.263,0.171,-1.42,-0.282,-3.18,-0.969,-1.225,-0.453,-2.17,-1.232,-0.945,-1.76,-0.921,0.194,0.259,0.946,0.953,0.069,-0.999,-0.114,-3.281,1.564,-0.576,2.402,0.327,1.212,2.913,4.475,0.369,-0.065,0.548,0.919
2023-03-16,CTD2,4181518,693105,0.0035773448,0.0061797528,0.010081558,0.0027380097,0.0017473319,0.00048319958,0.00047311356,0.00019144217,0.778,-0.24,62.628,0.386,-203.41,0.559,-410.482,0.573,-266.038,0.705,-473.11,0.221,-207.072,0.171,0.109,-2.051,-0.355,-4.138,-1.124,-1.644,-0.465,-2.924,-1.295,-1.28,-2.088,-0.87,0.291,0.346,0.926,0.935,0.061,-0.954,-0.025,-3.513,2.084,-0.145,3.265,0.064,0.993,3.399,5.327,0.27,-0.011,0.548,0.923
2023-03-16,CTD3,4181698,695238,0.005139267,0.009255979,0.0155745065,0.0038467979,0.002473249,0.0006900997,0.0006794255,0.00027653805,0.6695,-0.254,43.831,0.413,-151.918,0.578,-296.288,0.604,-195.749,0.726,-340.119,0.217,-144.37,0.169,0.108,-2.366,-0.376,-4.615,-1.14,-1.812,-0.484,-3.148,-1.308,-1.336,-2.248,-1.0,0.3,0.349,1.0,1.0,0.055,-0.961,-0.049,-3.891,2.247,-0.306,3.495,0.127,1.04,3.781,5.882,0.257,-0.02,0.528,0.929
2023-03-16,CTD4,4180266,698264,0.0052579828,0.009576778,0.01633364,0.003977198,0.0025580195,0.0007137468,0.0007031581,0.0002862458,0.615,-0.261,43.196,0.413,-147.014,0.578,-286.508,0.608,-190.21,0.729,-329.704,0.217,-139.494,0.172,0.11,-2.401,-0.376,-4.68,-1.139,-1.822,-0.487,-3.158,-1.311,-1.336,-2.278,-1.034,0.296,0.346,1.018,1.016,0.055,-0.968,-0.057,-3.977,2.251,-0.363,3.5,0.151,1.062,3.84,5.97,0.259,-0.024,0.523,0.93
2023-03-16,CTD5,4179450,700268,0.007949534,0.014881443,0.025402576,0.005501322,0.003494075,0.00095300504,0.0009383978,0.0003792245,0.4525,-0.261,27.832,0.46,-114.577,0.62,-219.001,0.644,-142.408,0.758,-246.833,0.223,-104.424,0.153,0.097,-2.911,-0.4,-5.563,-1.205,-2.119,-0.498,-3.673,-1.358,-1.554,-2.653,-1.17,0.325,0.368,1.083,1.075,0.05,-0.989,-0.049,-4.565,2.568,-0.358,4.042,0.133,1.072,4.383,6.901,0.232,-0.018,0.506,0.935
2023-03-16,CTD6,4176009,695829,0.0047382344,0.0086354725,0.015430354,0.004042624,0.002624969,0.000734625,0.0007244207,0.00029490746,0.6095,-0.282,50.994,0.362,-131.563,0.534,-265.155,0.585,-182.557,0.709,-316.15,0.213,-133.593,0.206,0.134,-2.03,-0.345,-4.091,-1.072,-1.576,-0.479,-2.73,-1.278,-1.154,-2.061,-1.019,0.254,0.309,1.011,1.01,0.059,-0.98,-0.09,-3.742,1.966,-0.527,3.028,0.247,1.138,3.513,5.41,0.298,-0.042,0.527,0.927
2023-03-16,CTD7,4176724,690397,0.008281512,0.015817983,0.026657099,0.005506982,0.0034694881,0.0009395778,0.00092647184,0.0003742801,2.0165,-0.255,25.706,0.484,-118.368,0.64,-225.008,0.658,-144.074,0.77,-250.713,0.227,-106.639,0.142,0.089,-3.155,-0.411,-5.998,-1.239,-2.279,-0.5,-3.966,-1.381,-1.687,-2.843,-1.208,0.342,0.384,1.097,1.087,0.048,-0.994,-0.037,-4.811,2.742,-0.281,4.353,0.098,1.055,4.621,7.335,0.218,-0.013,0.502,0.937
2023-03-16,CTD8,4174178,693048,0.004609666,0.008448377,0.015244749,0.00415499,0.0027027505,0.000753666,0.00074386183,0.00030228042,0.884,-0.287,52.77,0.341,-122.309,0.515,-251.628,0.572,-175.078,0.699,-304.397,0.212,-129.319,0.219,0.143,-1.865,-0.331,-3.836,-1.046,-1.479,-0.473,-2.572,-1.265,-1.093,-1.971,-0.991,0.239,0.296,0.994,0.995,0.061,-0.983,-0.096,-3.607,1.856,-0.543,2.853,0.267,1.154,3.349,5.149,0.315,-0.047,0.532,0.925
2023-03-16,CTD9,4171106,693183,0.0048149964,0.0092643695,0.021391178,0.008138811,0.0058891606,0.0017427439,0.0017468832,0.00070714083,1.55,-0.396,61.192,0.065,-14.928,0.223,-61.863,0.449,-76.12,0.568,-123.055,0.16,-46.935,0.498,0.36,-0.319,-0.088,-1.323,-0.503,-0.705,-0.448,-1.14,-1.002,-0.435,-1.004,-0.864,0.041,0.114,0.875,0.891,0.073,-0.949,-0.29,-2.494,0.863,-1.055,1.193,0.927,1.585,1.993,2.754,0.603,-0.255,0.568,0.924
2023-03-16,CTD10,4170388,695646,0.00463252,0.008632848,0.01554558,0.0041034096,0.0026546186,0.0007349234,0.000725921,0.0002947819,0.671,-0.286,51.51,0.356,-127.863,0.53,-260.865,0.582,-179.373,0.708,-312.375,0.214,-133.002,0.211,0.137,-1.988,-0.339,-4.055,-1.07,-1.548,-0.476,-2.697,-1.282,-1.148,-2.068,-1.023,0.249,0.304,1.014,1.012,0.06,-0.99,-0.092,-3.752,1.933,-0.536,2.988,0.255,1.154,3.481,5.381,0.305,-0.044,0.527,0.926
2023-03-16,CTD11,4169609,700351,0.005136095,0.009742341,0.01793975,0.004587866,0.00296881,0.00082078355,0.00081172027,0.00032940417,0.6295,-0.296,46.903,0.36,-115.322,0.533,-234.191,0.593,-162.224,0.716,-281.093,0.214,-118.869,0.215,0.139,-2.069,-0.342,-4.201,-1.074,-1.58,-0.482,-2.739,-1.29,-1.158,-2.132,-1.085,0.247,0.301,1.05,1.045,0.058,-1.002,-0.104,-3.919,1.958,-0.629,3.026,0.296,1.194,3.606,5.572,0.305,-0.049,0.518,0.928
2023-03-16,CTD12,4173438,695414,0.0053003235,0.009614315,0.015608315,0.0036807961,0.002343441,0.0006491022,0.00063883513,0.00025975192,0.7045,-0.238,39.943,0.446,-167.669,0.608,-322.711,0.618,-207.612,0.739,-362.655,0.222,-155.043,0.147,0.094,-2.617,-0.393,-5.037,-1.188,-1.996,-0.487,-3.487,-1.335,-1.491,-2.42,-0.995,0.331,0.377,0.997,0.998,0.053,-0.955,-0.021,-4.048,2.462,-0.138,3.867,0.053,0.987,3.997,6.278,0.233,-0.008,0.527,0.931
2023-04-20,CTD1,4187246,695025,0.0034852428,0.0055895234,0.008917822,0.0025585315,0.0016401419,0.0004559925,0.00044140918,0.00017771866,0.4135,-0.229,66.771,0.372,-211.943,0.546,-430.797,0.554,-278.714,0.689,-497.568,0.219,-218.854,0.171,0.11,-1.89,-0.348,-3.842,-1.102,-1.558,-0.457,-2.781,-1.273,-1.223,-1.952,-0.793,0.287,0.344,0.88,0.893,0.063,-0.933,-0.014,-3.253,2.001,-0.078,3.121,0.036,0.954,3.192,4.979,0.274,-0.007,0.562,0.92
2023-04-20,CTD2,4181518,693105,0.0033646114,0.005262964,0.008033497,0.0023198922,0.0014767427,0.00040895204,0.00039449477,0.0001583682,0.4515,-0.208,65.528,0.388,-241.048,0.562,-487.159,0.552,-306.576,0.689,-552.687,0.222,-246.112,0.152,0.097,-1.936,-0.356,-3.914,-1.13,-1.613,-0.453,-2.909,-1.282,-1.295,-1.977,-0.73,0.309,0.366,0.848,0.865,0.063,-0.916,0.019,-3.171,2.085,0.101,3.275,-0.045,0.89,3.182,4.999,0.257,0.008,0.57,0.919
2023-04-20,CTD3,4181698,695238,0.006194417,0.010144644,0.010879609,0.0017520679,0.0010444538,0.00028400664,0.0002738237,0.00011012319,0.472,-0.035,6.659,0.705,-472.18,0.813,-858.864,0.723,-478.839,0.825,-865.523,0.253,-386.684,0.012,0.007,-5.137,-0.493,-9.344,-1.505,-4.858,-0.5,-8.78,-1.516,-3.923,-4.207,-0.263,0.704,0.72,0.816,0.827,0.034,-0.745,0.336,-4.626,5.694,3.503,9.552,-0.605,0.476,6.107,10.244,0.077,0.058,0.566,0.944
2023-04-20,CTD4,4180266,698264,0.011391216,0.019981073,0.02836084,0.00488399,0.0029922002,0.0008046073,0.0007852961,0.00031622802,0.421,-0.173,14.787,0.607,-154.703,0.74,-284.155,0.706,-169.491,0.809,-298.942,0.24,-129.452,0.072,0.044,-4.388,-0.463,-8.059,-1.388,-3.387,-0.507,-5.973,-1.46,-2.587,-3.671,-1.064,0.482,0.511,1.022,1.02,0.039,-0.928,0.092,-5.387,3.986,0.871,6.506,-0.213,0.807,5.657,9.234,0.139,0.022,0.514,0.943
2023-04-20,CTD5,4179450,700268,0.020174872,0.03423877,0.05986151,0.014427987,0.009267156,0.002403279,0.0023306448,0.00090363773,3.8175,-0.272,12.501,0.407,-40.103,0.574,-78.701,0.612,-52.605,0.732,-91.203,0.218,-38.598,0.18,0.116,-2.401,-0.372,-4.711,-1.136,-1.801,-0.487,-3.123,-1.316,-1.322,-2.311,-1.081,0.287,0.336,1.044,1.04,0.055,-0.985,-0.07,-4.086,2.218,-0.454,3.454,0.191,1.106,3.878,6.038,0.267,-0.03,0.517,0.931
2023-04-20,CTD6,4176009,695829,0.004205427,0.0070105246,0.012678764,0.0042674555,0.0028438587,0.0008026485,0.0007862714,0.00031757605,0.5745,-0.288,63.771,0.243,-91.689,0.423,-208.992,0.496,-155.46,0.634,-272.763,0.2,-117.303,0.272,0.181,-1.163,-0.261,-2.65,-0.892,-1.09,-0.442,-1.912,-1.164,-0.822,-1.487,-0.797,0.177,0.246,0.854,0.872,0.072,-0.948,-0.113,-2.816,1.418,-0.506,2.129,0.308,1.142,2.565,3.85,0.384,-0.069,0.573,0.916
2023-04-20,CTD7,4176724,690397,0.026400873,0.043230347,0.06537286,0.010928545,0.006643336,0.0016916846,0.0016288027,0.0006354515,1.2045,-0.204,7.835,0.596,-68.372,0.734,-127.395,0.714,-76.207,0.816,-135.23,0.244,-59.023,0.086,0.052,-4.47,-0.454,-8.328,-1.392,-3.294,-0.506,-5.846,-1.478,-2.552,-3.859,-1.26,0.449,0.48,1.092,1.084,0.039,-0.984,0.053,-5.885,3.854,0.525,6.34,-0.133,0.904,5.828,9.588,0.151,0.013,0.499,0.944
2023-04-20,CTD8,4174178,693048,0.02625125,0.044240475,0.07205476,0.013101965,0.0080547435,0.0020247498,0.0019505683,0.0007547984,2.1255,-0.239,8.725,0.543,-53.721,0.692,-101.547,0.692,-62.446,0.799,-110.272,0.239,-47.826,0.114,0.07,-3.871,-0.433,-7.317,-1.33,-2.763,-0.503,-4.878,-1.445,-2.116,-3.446,-1.315,0.389,0.425,1.127,1.116,0.043,-1.013,-0.001,-5.569,3.265,-0.007,5.311,0.002,1.014,5.317,8.649,0.184,-0.0,0.493,0.941
2023-04-20,CTD9,4171106,693183,0.012485415,0.020505104,0.03935516,0.015714118,0.011105258,0.0031282285,0.0030694292,0.0011982329,1.734,-0.315,23.359,0.132,-14.869,0.297,-41.279,0.429,-38.227,0.56,-64.638,0.172,-26.41,0.367,0.259,-0.585,-0.165,-1.625,-0.649,-0.784,-0.425,-1.325,-1.016,-0.542,-1.039,-0.703,0.095,0.171,0.748,0.78,0.077,-0.894,-0.186,-2.239,1.023,-0.658,1.447,0.504,1.213,1.963,2.777,0.484,-0.142,0.605,0.916
2023-04-20,CTD10,4170388,695646,0.0055768117,0.009622997,0.012754862,0.00226366,0.0013775941,0.00037615636,0.00036440362,0.00014724724,0.8069999999999999,-0.14,25.516,0.619,-337.845,0.75,-621.985,0.699,-363.361,0.805,-647.502,0.243,-284.141,0.058,0.035,-4.309,-0.465,-7.933,-1.408,-3.497,-0.501,-6.231,-1.466,-2.734,-3.624,-0.86,0.521,0.549,0.954,0.957,0.04,-0.889,0.146,-5.008,4.143,1.351,6.808,-0.318,0.717,5.491,9.024,0.127,0.034,0.531,0.941
2023-04-20,CTD11,4169609,700351,0.0094191525,0.01608676,0.0220204,0.0040594977,0.0024965105,0.0006751435,0.00065731694,0.00026466648,1.065,-0.156,16.75,0.597,-184.173,0.731,-338.396,0.689,-200.923,0.796,-355.147,0.238,-154.223,0.068,0.042,-4.056,-0.46,-7.452,-1.374,-3.232,-0.502,-5.713,-1.442,-2.481,-3.396,-0.905,0.491,0.521,0.967,0.969,0.041,-0.896,0.116,-4.858,3.849,1.019,6.259,-0.257,0.754,5.269,8.568,0.139,0.029,0.529,0.94
2023-04-20,CTD12,4173438,695414,0.0049309297,0.008567476,0.013970571,0.0033432362,0.002124683,0.00058734237,0.0005733576,0.0002322342,0.746,-0.24,45.141,0.439,-182.391,0.603,-353.938,0.614,-227.532,0.736,-399.079,0.223,-171.547,0.151,0.096,-2.548,-0.388,-4.945,-1.183,-1.949,-0.483,-3.419,-1.334,-1.47,-2.397,-0.988,0.325,0.372,0.994,0.995,0.054,-0.96,-0.022,-4.013,2.411,-0.146,3.793,0.057,0.995,3.931,6.185,0.238,-0.009,0.528,0.93
2023-05-25,CTD1,4187246,695025,0.004582673,0.00800179,0.01692178,0.007181137,0.0052692858,0.0016074751,0.0016061986,0.0006546664,0.49,-0.358,65.877,0.054,-14.282,0.206,-64.807,0.404,-80.158,0.525,-130.684,0.154,-50.525,0.473,0.347,-0.242,-0.075,-1.097,-0.465,-0.641,-0.422,-1.046,-0.938,-0.404,-0.855,-0.716,0.037,0.113,0.734,0.767,0.077,-0.89,-0.261,-2.097,0.803,-0.838,1.094,0.752,1.381,1.698,2.314,0.586,-0.234,0.609,0.921
2023-05-25,CTD2,4181518,693105,0.0098257,0.017196609,0.020975834,0.0035514405,0.0021631443,0.00059067534,0.000579058,0.00023491781,0.4815,-0.099,10.477,0.658,-223.425,0.777,-404.139,0.71,-233.902,0.813,-414.616,0.243,-180.714,0.037,0.023,-4.687,-0.483,-8.477,-1.435,-4.022,-0.506,-7.13,-1.472,-3.108,-3.791,-0.661,0.59,0.613,0.9,0.907,0.036,-0.822,0.211,-4.855,4.739,2.044,7.781,-0.422,0.611,5.781,9.49,0.103,0.044,0.544,0.943
2023-05-25,CTD3,4181698,695238,0.0061021247,0.011074801,0.018353794,0.004313569,0.0027662013,0.0007700684,0.0007584706,0.0003085196,0.4415,-0.247,35.81,0.439,-141.532,0.6,-271.212,0.619,-177.342,0.738,-307.022,0.219,-129.68,0.154,0.099,-2.598,-0.392,-4.978,-1.17,-1.964,-0.491,-3.4,-1.324,-1.436,-2.38,-1.028,0.32,0.367,1.014,1.013,0.053,-0.956,-0.038,-4.068,2.417,-0.251,3.769,0.098,1.016,4.005,6.246,0.239,-0.015,0.523,0.932
2023-05-25,CTD4,4180266,698264,0.008965912,0.016680256,0.026611755,0.005409643,0.0033992433,0.00092408416,0.00091017375,0.00036783607,0.628,-0.229,22.374,0.51,-124.904,0.661,-234.232,0.662,-147.278,0.773,-256.606,0.228,-109.328,0.121,0.076,-3.324,-0.425,-6.233,-1.267,-2.457,-0.501,-4.28,-1.388,-1.824,-2.909,-1.127,0.376,0.415,1.056,1.051,0.046,-0.965,-0.002,-4.745,2.956,-0.012,4.704,0.004,0.967,4.716,7.504,0.197,-0.001,0.51,0.937
2023-05-25,CTD5,4179450,700268,0.013855392,0.025385462,0.03722983,0.0064566555,0.0039585745,0.0010536431,0.0010363272,0.00041650844,0.7825,-0.189,12.532,0.594,-115.486,0.73,-213.224,0.704,-128.019,0.808,-225.756,0.24,-97.737,0.081,0.05,-4.3,-0.457,-7.938,-1.377,-3.25,-0.507,-5.731,-1.458,-2.481,-3.639,-1.137,0.46,0.49,1.049,1.045,0.04,-0.949,0.069,-5.473,3.825,0.647,6.239,-0.164,0.853,5.61,9.151,0.148,0.017,0.509,0.943
2023-05-25,CTD6,4176009,695829,0.006463378,0.011094461,0.017294131,0.0042159706,0.0026987067,0.0007496966,0.0007343806,0.0002975562,0.551,-0.218,32.312,0.449,-147.058,0.609,-280.413,0.608,-179.37,0.73,-312.725,0.219,-133.355,0.136,0.087,-2.543,-0.397,-4.849,-1.182,-1.99,-0.484,-3.47,-1.318,-1.479,-2.306,-0.897,0.344,0.39,0.948,0.953,0.053,-0.921,0.001,-3.777,2.475,0.009,3.867,-0.003,0.919,3.859,6.028,0.224,0.001,0.539,0.929
2023-05-25,CTD7,4176724,690397,0.019208608,0.034061246,0.045593463,0.0067873895,0.004057581,0.0010652014,0.0010461725,0.00041950337,1.5535,-0.145,7.426,0.668,-117.973,0.787,-217.093,0.741,-125.399,0.837,-224.519,0.252,-99.12,0.05,0.03,-5.379,-0.479,-9.898,-1.473,-4.271,-0.509,-7.647,-1.524,-3.376,-4.519,-1.063,0.549,0.573,1.018,1.017,0.034,-0.926,0.149,-6.218,4.929,1.677,8.246,-0.334,0.741,6.598,11.037,0.11,0.03,0.513,0.948
2023-05-25,CTD8,4174178,693048,0.016512375,0.029852757,0.043600164,0.0071117515,0.004319212,0.0011353202,0.0011135251,0.00044551727,1.477,-0.187,10.562,0.615,-107.115,0.747,-198.026,0.72,-117.677,0.82,-208.588,0.244,-90.911,0.075,0.046,-4.67,-0.463,-8.634,-1.408,-3.513,-0.508,-6.227,-1.483,-2.714,-3.964,-1.203,0.475,0.504,1.068,1.063,0.038,-0.962,0.077,-5.897,4.099,0.781,6.749,-0.186,0.853,5.986,9.856,0.139,0.018,0.503,0.945
2023-05-25,CTD9,4171106,693183,0.007081049,0.012751603,0.02658156,0.009737847,0.006888468,0.0019953738,0.0019805455,0.0007941131,1.62,-0.352,40.801,0.134,-24.271,0.299,-66.749,0.464,-65.072,0.588,-107.55,0.171,-42.478,0.397,0.281,-0.645,-0.167,-1.774,-0.65,-0.83,-0.448,-1.371,-1.047,-0.542,-1.129,-0.832,0.09,0.161,0.858,0.876,0.072,-0.934,-0.228,-2.549,1.05,-0.879,1.485,0.671,1.377,2.19,3.095,0.505,-0.174,0.572,0.922
2023-05-25,CTD10,4170388,695646,0.0076362286,0.014289677,0.026968537,0.006671738,0.004333488,0.0011857656,0.0011681635,0.00047008708,1.3985,-0.307,32.9,0.363,-79.905,0.535,-160.78,0.603,-112.806,0.723,-193.681,0.212,-80.875,0.22,0.143,-2.155,-0.346,-4.336,-1.073,-1.612,-0.489,-2.768,-1.292,-1.156,-2.181,-1.152,0.243,0.296,1.09,1.08,0.057,-1.01,-0.12,-4.081,1.981,-0.745,3.05,0.348,1.238,3.739,5.756,0.306,-0.056,0.508,0.93
2023-05-25,CTD11,4169609,700351,0.0075471285,0.014032737,0.026831465,0.0073241526,0.0048260596,0.0013276797,0.0013099104,0.00052612805,2.4130000000000003,-0.313,33.992,0.314,-65.273,0.488,-135.946,0.571,-99.265,0.695,-169.939,0.206,-70.674,0.249,0.164,-1.751,-0.315,-3.648,-0.996,-1.393,-0.479,-2.385,-1.245,-0.992,-1.896,-1.053,0.212,0.27,1.034,1.03,0.061,-0.995,-0.136,-3.644,1.736,-0.756,2.635,0.394,1.253,3.32,5.038,0.342,-0.071,0.523,0.927
2023-05-25,CTD12,4173438,695414,0.010524465,0.019696845,0.033400197,0.006789675,0.0042735045,0.001144966,0.0011254529,0.00045154383,1.2565,-0.258,20.83,0.487,-96.513,0.643,-183.23,0.662,-117.343,0.773,-204.06,0.227,-86.718,0.141,0.089,-3.224,-0.412,-6.12,-1.244,-2.311,-0.501,-4.019,-1.386,-1.708,-2.896,-1.239,0.343,0.384,1.11,1.1,0.047,-0.999,-0.04,-4.915,2.773,-0.31,4.406,0.107,1.066,4.702,7.471,0.217,-0.014,0.499,0.937
